panel                                           
 Alfa =  11.50000 Re =  8000000.000 Xflap,Yflap =     0.750000   -0.000000
#    x        y        Cp  
   0.96651 -0.12500 -0.21556
   0.96012 -0.12033 -0.21695
   0.94977 -0.11275 -0.21911
   0.93853 -0.10450 -0.22136
   0.92647 -0.09562 -0.22366
   0.91372 -0.08623 -0.22595
   0.90050 -0.07646 -0.22816
   0.88702 -0.06650 -0.23023
   0.87354 -0.05655 -0.23210
   0.86028 -0.04679 -0.23373
   0.84745 -0.03738 -0.23508
   0.83529 -0.02846 -0.23613
   0.82394 -0.02013 -0.23688
   0.81350 -0.01243 -0.23731
   0.80398 -0.00536 -0.23738
   0.79524  0.00104 -0.23715
   0.78725  0.00690 -0.23654
   0.78006  0.01249 -0.23490
   0.77351  0.01773 -0.23050
   0.76712  0.02223 -0.21460
   0.76045  0.02576 -0.21343
   0.75308  0.02763 -0.24130
   0.74484  0.02863 -0.26581
   0.73577  0.02958 -0.29215
   0.72579  0.03060 -0.32045
   0.71482  0.03175 -0.35248
   0.70273  0.03297 -0.38567
   0.68948  0.03425 -0.41924
   0.67508  0.03561 -0.45371
   0.65960  0.03704 -0.48760
   0.64317  0.03854 -0.52116
   0.62597  0.04012 -0.55519
   0.60823  0.04179 -0.59021
   0.59012  0.04356 -0.62870
   0.57170  0.04544 -0.67325
   0.55306  0.04738 -0.72314
   0.53433  0.04931 -0.77524
   0.51556  0.05115 -0.82492
   0.49671  0.05286 -0.86837
   0.47769  0.05448 -0.90844
   0.45852  0.05606 -0.94832
   0.43927  0.05764 -0.99157
   0.41999  0.05928 -1.04354
   0.40070  0.06097 -1.10454
   0.38141  0.06270 -1.17478
   0.36219  0.06444 -1.25593
   0.34313  0.06617 -1.34686
   0.32432  0.06785 -1.44842
   0.30587  0.06945 -1.56454
   0.28788  0.07093 -1.69295
   0.27038  0.07225 -1.83067
   0.25342  0.07338 -1.98344
   0.23701  0.07429 -2.13879
   0.22117  0.07497 -2.30558
   0.20594  0.07541 -2.47518
   0.19134  0.07562 -2.65492
   0.17744  0.07563 -2.84901
   0.16430  0.07544 -3.05637
   0.15192  0.07507 -3.27817
   0.14035  0.07455 -3.52967
   0.12958  0.07387 -3.79003
   0.11958  0.07308 -4.11480
   0.11033  0.07215 -4.47789
   0.10177  0.07105 -4.81838
   0.09382  0.06975 -5.08866
   0.08642  0.06832 -5.28202
   0.07951  0.06684 -5.56889
   0.07308  0.06538 -6.10405
   0.06710  0.06384 -6.72615
   0.06156  0.06217 -7.33816
   0.05643  0.06031 -7.69111
   0.05166  0.05827 -7.70887
   0.04720  0.05614 -7.63983
   0.04302  0.05398 -7.79202
   0.03909  0.05181 -8.12421
   0.03542  0.04961 -8.48618
   0.03200  0.04735 -8.76576
   0.02884  0.04503 -8.96279
   0.02594  0.04263 -8.71531
   0.02326  0.04019 -8.30757
   0.02078  0.03773 -7.95541
   0.01847  0.03528 -7.53165
   0.01631  0.03286 -7.19484
   0.01427  0.03048 -7.39231
   0.01234  0.02816 -7.62098
   0.01052  0.02588 -7.76454
   0.00883  0.02364 -7.93695
   0.00727  0.02142 -8.11724
   0.00587  0.01921 -8.34058
   0.00461  0.01700 -8.46399
   0.00351  0.01480 -8.46751
   0.00257  0.01261 -8.28636
   0.00177  0.01043 -8.23136
   0.00112  0.00827 -8.00460
   0.00062  0.00614 -7.72376
   0.00026  0.00402 -7.44348
   0.00005  0.00190 -6.93824
   0.00002 -0.00027 -6.03761
   0.00010 -0.00250 -5.61162
   0.00037 -0.00477 -4.96072
   0.00082 -0.00707 -4.11337
   0.00144 -0.00940 -3.44181
   0.00223 -0.01174 -2.77936
   0.00319 -0.01410 -2.23766
   0.00432 -0.01646 -1.73241
   0.00564 -0.01883 -1.23882
   0.00713 -0.02120 -0.84365
   0.00878 -0.02358 -0.48774
   0.01059 -0.02598 -0.18364
   0.01254 -0.02841  0.03773
   0.01462 -0.03089  0.23148
   0.01681 -0.03343  0.36414
   0.01914 -0.03601  0.48896
   0.02165 -0.03861  0.59406
   0.02434 -0.04120  0.69005
   0.02726 -0.04376  0.77449
   0.03045 -0.04625  0.85662
   0.03391 -0.04864  0.91899
   0.03765 -0.05097  0.96582
   0.04166 -0.05325  0.99643
   0.04594 -0.05550  1.01597
   0.05049 -0.05773  1.02487
   0.05536 -0.05988  1.02443
   0.06060 -0.06185  1.01614
   0.06625 -0.06361  1.00071
   0.07235 -0.06520  0.98314
   0.07893 -0.06671  0.96316
   0.08599 -0.06823  0.93793
   0.09355 -0.06970  0.91042
   0.10166 -0.07103  0.88072
   0.11039 -0.07216  0.85252
   0.11981 -0.07310  0.82752
   0.12999 -0.07390  0.80333
   0.14095 -0.07458  0.77663
   0.15269 -0.07510  0.75209
   0.16524 -0.07546  0.72735
   0.17855 -0.07564  0.70499
   0.19259 -0.07561  0.68400
   0.20731 -0.07538  0.66345
   0.22266 -0.07491  0.64712
   0.23860 -0.07421  0.63218
   0.25509 -0.07328  0.62103
   0.27213 -0.07212  0.61287
   0.28970 -0.07079  0.60592
   0.30775 -0.06929  0.60100
   0.32624 -0.06768  0.59780
   0.34508 -0.06599  0.59424
   0.36415 -0.06426  0.59178
   0.38337 -0.06252  0.58994
   0.40263 -0.06080  0.58764
   0.42189 -0.05912  0.58584
   0.44109 -0.05749  0.58272
   0.46024 -0.05592  0.57847
   0.47925 -0.05435  0.57495
   0.49805 -0.05274  0.57329
   0.51659 -0.05105  0.57506
   0.53491 -0.04926  0.58195
   0.55301 -0.04739  0.59142
   0.57075 -0.04553  0.59971
   0.58794 -0.04377  0.60509
   0.60443 -0.04215  0.60943
   0.62010 -0.04067  0.63429
   0.63480 -0.03931  0.65152
   0.64840 -0.03806  0.66135
   0.66085 -0.03693  0.67236
   0.67215 -0.03588  0.68591
   0.68238 -0.03492  0.70202
   0.69163 -0.03404  0.71875
   0.70001 -0.03326  0.73539
   0.70761 -0.03251  0.75461
   0.71454 -0.03176  0.77847
   0.72088 -0.03104  0.80209
   0.72670 -0.03042  0.82014
   0.73209 -0.02994  0.83250
   0.73710 -0.02955  0.84029
   0.74185 -0.02884  0.84293
   0.74627 -0.02859  0.84251
   0.75041 -0.03059  0.84749
   0.75485 -0.03252  0.84380
   0.75963 -0.03444  0.83474
   0.76476 -0.03661  0.81775
   0.77029 -0.03906  0.79265
   0.77632 -0.04174  0.76229
   0.78293 -0.04463  0.73386
   0.79018 -0.04777  0.70847
   0.79816 -0.05123  0.68243
   0.80696 -0.05509  0.65222
   0.81667 -0.05936  0.62032
   0.82735 -0.06406  0.58727
   0.83901 -0.06918  0.55073
   0.85159 -0.07471  0.51118
   0.86497 -0.08056  0.46919
   0.87895 -0.08666  0.42437
   0.89326 -0.09289  0.37556
   0.90758 -0.09913  0.31941
   0.92159 -0.10525  0.25585
   0.93500 -0.11113  0.18094
   0.94761 -0.11667  0.08609
   0.95928 -0.12180 -0.05480
   0.96651 -0.12500 -0.21556
