9.012187763018790321e+00 9.308418070915376319e+00 9.374480779083887327e+00 9.280410851922070492e+00 9.068944289915807033e+00 8.766512416213391390e+00 8.391022159900858313e+00 7.956447718769146249e+00 7.475113831911183837e+00 6.958582095308432081e+00 6.417786943244633946e+00 5.862800071880760022e+00 5.302427325533948022e+00 4.743760778230658559e+00 4.191798498267780282e+00 3.649279602737178774e+00 3.116923634709694024e+00 2.594248451858967019e+00 2.081011274572405867e+00 1.579100472056571780e+00
8.833455774017696882e+00 9.164551101079190687e+00 9.256062029796748192e+00 9.180318295803060025e+00 8.982304133499113163e+00 8.690252581913407326e+00 8.323291932434834450e+00 7.896127859994416909e+00 7.421475945983231348e+00 6.911078193738050324e+00 6.375930334940434818e+00 5.826103721017514836e+00 5.270376745492527881e+00 4.715808171724344078e+00 4.167371449869321509e+00 3.627800855202660824e+00 3.097838043025019417e+00 2.577049420139173375e+00 2.065254200915695115e+00 1.564388877027600433e+00
8.608770199201591922e+00 8.974070170243091837e+00 9.091643210331168845e+00 9.034900885828951900e+00 8.850767831869330138e+00 8.569277874244567883e+00 8.210918470218672383e+00 7.791289897986775514e+00 7.323629865413877837e+00 6.819940028294348977e+00 6.291302501097210786e+00 5.747763843836373177e+00 5.198007981381615572e+00 4.648960305250846581e+00 4.105451630276841790e+00 3.570099740456513793e+00 3.043597706080679810e+00 2.525569934781194181e+00 2.016018071682527335e+00 1.517168203244910529e+00
8.422236386245995021e+00 8.821455500638169411e+00 8.965051546708492580e+00 8.927756611831444644e+00 8.758282884927883316e+00 8.488244538645433934e+00 8.139279910914176241e+00 7.727726381185516580e+00 7.267246396486649829e+00 6.770059957223209857e+00 6.247342872863208996e+00 5.709165909967942376e+00 5.164202919533395608e+00 4.619357801864850899e+00 4.079444738327231867e+00 3.547082278143843581e+00 3.022989766062176731e+00 2.506843109048676244e+00 1.998707268500041545e+00 1.500855302977724071e+00
8.189969121999551405e+00 8.622437542068157157e+00 8.792210981302595485e+00 8.774817149158886664e+00 8.620392084456392823e+00 8.362057871079510818e+00 8.022681287463319322e+00 7.619459399519483256e+00 7.166587542300743685e+00 6.676571982819747397e+00 6.160702829751833143e+00 5.629049742593009498e+00 5.090210646347014034e+00 4.550970758554307771e+00 4.016014656243940273e+00 3.487857881789702574e+00 2.967186013846413228e+00 2.453747743999542319e+00 1.947801643066069621e+00 1.451913721424414883e+00
7.998094974056149553e+00 8.462934460596510888e+00 8.658784972159311977e+00 8.661538313880200235e+00 8.522673828286738029e+00 8.276656976612574823e+00 7.947408534175883332e+00 7.552843596258349557e+00 7.107597665067837411e+00 6.624421012406336295e+00 6.114722199480651099e+00 5.588615073354857188e+00 5.054702228832591793e+00 4.519757810323034697e+00 3.988457163146719608e+00 3.463322170914575171e+00 2.945069142679603846e+00 2.433501616015531610e+00 1.928943131463215055e+00 1.434005757918262791e+00
7.761468190587574867e+00 8.257434087537790290e+00 8.479086794656467418e+00 8.502206340479506963e+00 8.379218063797214455e+00 8.145802774338744001e+00 7.826961323551129723e+00 7.441412049411339602e+00 7.004315651930948405e+00 6.528721762724397415e+00 6.026172055792969218e+00 5.506797151891315245e+00 4.979138774718328442e+00 4.449865221771349688e+00 3.923534586588669715e+00 3.402579328062606212e+00 2.887697223258539392e+00 2.378779626118135315e+00 1.876354633142204298e+00 1.383329931253537204e+00
7.565447192231662399e+00 8.092685754156882183e+00 8.340049685808104130e+00 8.383658180597173271e+00 8.276861502824996109e+00 8.056440766007476384e+00 7.748335551077107475e+00 7.371943808764793715e+00 6.942866336384095227e+00 6.474411582918968122e+00 5.978257399303017472e+00 5.464594233053504446e+00 4.941980669166953000e+00 4.417082987306276465e+00 3.894456899955050844e+00 3.376546775407868850e+00 2.864085868979170169e+00 2.357024089472063100e+00 1.855956439349917053e+00 1.363835967126369786e+00
7.368859955048949750e+00 7.925904011194409904e+00 8.198713826569766994e+00 8.262883978244115468e+00 8.172499694059119690e+00 7.965330086750951999e+00 7.668198811266805137e+00 7.301163770188423108e+00 6.880263944124927811e+00 6.419071825950283028e+00 5.929408314588490825e+00 5.421529832058563869e+00 4.904016522655409993e+00 4.383535929042253976e+00 3.864643575111066820e+00 3.349797227969166791e+00 2.839766717627815851e+00 2.334561393916718242e+00 1.834843924042372176e+00 1.343613394214523860e+00
7.128979089900474797e+00 7.713953490863715956e+00 8.011374376990753277e+00 8.095979646081996606e+00 8.022175262442436505e+00 7.828531945569579875e+00 7.542722279966970866e+00 7.185501434972955792e+00 6.773399949890025695e+00 6.320291280538899770e+00 5.838144573390278147e+00 5.337250997177606315e+00 4.826146702197652516e+00 4.311409005031269004e+00 3.797492123635221262e+00 3.286782241413428896e+00 2.780050222715394703e+00 2.277411554482531741e+00 1.779745451958111513e+00 1.290347346805929218e+00
6.930916376022654646e+00 7.543999577010543689e+00 7.866031693011972692e+00 7.971108695328964266e+00 7.914006754647812336e+00 7.734044812455090678e+00 7.459647432581467896e+00 7.112170115459159447e+00 6.708563118852727492e+00 6.262965173702927935e+00 5.787497037070293615e+00 5.292525674254874524e+00 4.786617515684050694e+00 4.276358348923282371e+00 3.766208335248677486e+00 3.258572650950043670e+00 2.754263896473889250e+00 2.253461195107165249e+00 1.757113756199048415e+00 1.268562746802525787e+00
6.732677256252743270e+00 7.372900490680807550e+00 7.719086515467243892e+00 7.844524969664450786e+00 7.804200292746766188e+00 7.638070129562636978e+00 7.375249539505813523e+00 7.037665718516357138e+00 6.642678873408610407e+00 6.204692421902696431e+00 5.735981684170631922e+00 5.246993092876644837e+00 4.746326589847084776e+00 4.240578941416129233e+00 3.734218148795949155e+00 3.229669890124649445e+00 2.727789792508677369e+00 2.228821752656140021e+00 1.733785983616501936e+00 1.246070371055904902e+00
6.534168939978227897e+00 7.200908331163644149e+00 7.570743508654168785e+00 7.716383004792982447e+00 7.692868771468853950e+00 7.540689732416382185e+00 7.289588588520190093e+00 6.962033282181268490e+00 6.575782040861994027e+00 6.145500729256561989e+00 5.683621047524804126e+00 5.200671840223460407e+00 4.705289360154973899e+00 4.204083633650736118e+00 3.701532313055145185e+00 3.200083093972491799e+00 2.700635977383960551e+00 2.203500843617200111e+00 1.709769994674807281e+00 1.222879116910396968e+00
6.336329322137022046e+00 7.028259573254249659e+00 7.421199643541850577e+00 7.586834060662128287e+00 7.580124139985893628e+00 7.441985609200795437e+00 7.202725137854911530e+00 6.885318495037257236e+00 6.507908035070594011e+00 6.085418276295847306e+00 5.630438024245767892e+00 5.153580771179256281e+00 4.663521454780052977e+00 4.166885417628909849e+00 3.668161688593117642e+00 3.169821500898734712e+00 2.672810629171804564e+00 2.177506215035036163e+00 1.685073804305975420e+00 1.198998059072367228e+00
6.139022251089928162e+00 6.855174706136549112e+00 7.270643887088951374e+00 7.456025837547946900e+00 7.466077160073052887e+00 7.342039709732538277e+00 7.114720172679779076e+00 6.807567590181477613e+00 6.439092777012430879e+00 6.024473658398505016e+00 5.576455826068666966e+00 5.105738966967195758e+00 4.621038659555543937e+00 4.128997396505494244e+00 3.634117222848011419e+00 3.138894432030658432e+00 2.644322020322030564e+00 2.150845729829872433e+00 1.659705568313305291e+00 1.174436435457669514e+00
5.901640404165426901e+00 6.638903161813680676e+00 7.075269825354516762e+00 7.279654453829768279e+00 7.306274358103705957e+00 7.196469520377741347e+00 6.981435455206026930e+00 6.685060280905900321e+00 6.326223058995513071e+00 5.920357075654564483e+00 5.480349691025170777e+00 5.016945969953744644e+00 4.538834984911106041e+00 4.052590344670530698e+00 3.562638461107305421e+00 3.071434544117127796e+00 2.580005499561898841e+00 2.088931958694813407e+00 1.599686640848295260e+00 1.116097778897094495e+00
5.706049088994792129e+00 6.465672441792241543e+00 6.923285613288006957e+00 7.146763897562488310e+00 7.189929547414374511e+00 7.094258579660610131e+00 6.891311955695331726e+00 6.605370553760302244e+00 6.255640007030152105e+00 5.857788602059430971e+00 5.424854661789684229e+00 4.967669618254833885e+00 4.494965975583474105e+00 4.013338539589853760e+00 3.527231682109496003e+00 3.039131329770386358e+00 2.550117401010495222e+00 2.060843994158093384e+00 1.572861177179045500e+00 1.090047928926359155e+00
5.511385779311558153e+00 6.292575749766869286e+00 6.770820367903676917e+00 7.013049699713266527e+00 7.072620337896994513e+00 6.991061949927754426e+00 6.800240340107034598e+00 6.524792149624690119e+00 6.184229918514758673e+00 5.794447941690491710e+00 5.368632284275949296e+00 4.917700283185703292e+00 4.450428574481461119e+00 3.973434320150814436e+00 3.491181232825812497e+00 3.006187478514847466e+00 2.519587551429018468e+00 2.032110486125279891e+00 1.545385045225808440e+00 1.063342434675146775e+00
5.317778229424392045e+00 6.119763279932877609e+00 6.618025085176875599e+00 6.878640602463367948e+00 6.954449106930798763e+00 6.886958720396125777e+00 6.708281331568428207e+00 6.443372046465936975e+00 6.112029672905693545e+00 5.730364514291339084e+00 5.311706345133004881e+00 4.867057371451065428e+00 4.405238699606463193e+00 3.932890810797689429e+00 3.454498061631044337e+00 2.972612375295677012e+00 2.488424412460076507e+00 2.002739646001957308e+00 1.517266914261078847e+00 1.035991194933221449e+00
5.125220956409020978e+00 5.947365527549520081e+00 6.465040795793131068e+00 6.743660147023077478e+00 6.835515700591686894e+00 6.782026881876212165e+00 6.615495268366849757e+00 6.361157152021268857e+00 6.039076187474248236e+00 5.665567788575078367e+00 5.254100653496164064e+00 4.815760278829214869e+00 4.359412233130994352e+00 3.891721090891352208e+00 3.417193080042801867e+00 2.938415391583417247e+00 2.456636465326675012e+00 1.972739740487828186e+00 1.488515540419967031e+00 1.008004216561836586e+00
4.933797548910759723e+00 5.775497421653120966e+00 6.311998246111810928e+00 6.608226318057955240e+00 6.715917146708973995e+00 6.676343103332560425e+00 6.521941933170361416e+00 6.278194174115002468e+00 5.965406318248141382e+00 5.600087205486710573e+00 5.195838980645509864e+00 4.763828342319715858e+00 4.312964983554079978e+00 3.849938165206868490e+00 3.379277140203910790e+00 2.903605868468661644e+00 2.424232198053072995e+00 1.942119081405504044e+00 1.459139757729417397e+00 9.793916056651925661e-01
4.743106725399953483e+00 5.604241205091347489e+00 6.159016746748783078e+00 6.472451148904548646e+00 6.595747362686432247e+00 6.569982505044518639e+00 6.427680379199548710e+00 6.194529488305080989e+00 5.891056758810270466e+00 5.533952099950091963e+00 5.136944998797591921e+00 4.711280792028298414e+00 4.265912648105100402e+00 3.807554935063634183e+00 3.340761013236647869e+00 2.868193100730222156e+00 2.391220093659417678e+00 1.910886016459910630e+00 1.429148470041432528e+00 9.501635575788900390e-01
4.594217687765528524e+00 5.475698459352470238e+00 6.049515057703371390e+00 6.380526972390915930e+00 6.519512011024549025e+00 6.507429511275900857e+00 6.376923502437503721e+00 6.153896788990484090e+00 5.859094658240424636e+00 5.509393666621509311e+00 5.118674398762660616e+00 4.698307456540528726e+00 4.257357576066762128e+00 3.802645372668768342e+00 3.338826094024589519e+00 2.868650935066870744e+00 2.393546988697316635e+00 1.914562239499308705e+00 1.433581612888579215e+00 9.545956443852957607e-01
4.406087520854439887e+00 5.305804842763592433e+00 5.896852039827116698e+00 6.244286973888822700e+00 6.398403133789105190e+00 6.399887759203416238e+00 6.281382826896244609e+00 6.068933507000862093e+00 5.783464570500026269e+00 5.442010892992666271e+00 5.058568979172746616e+00 4.644582921946834198e+00 4.209158929685517414e+00 3.759142147938943523e+00 3.299211942281538690e+00 2.832158037149595575e+00 2.359469137238603853e+00 1.882275557984768533e+00 1.402549383454626541e+00 9.243456026974986584e-01
4.218990123028993899e+00 5.136730664606885099e+00 5.744544423024368740e+00 6.107997754828053516e+00 6.276975989130445299e+00 6.291875959349067848e+00 6.185299248884939871e+00 5.983400270162146484e+00 5.707260510934171194e+00 5.374059341210479346e+00 4.997901555246538230e+00 4.590300965215321050e+00 4.160403787669054942e+00 3.715079649927798933e+00 3.259032904354232763e+00 2.795093237004521391e+00 2.324812616303850277e+00 1.849405274367659890e+00 1.370931935453096884e+00 8.935138304038902080e-01
4.032861738977608468e+00 4.968504415497345228e+00 5.592668767306219202e+00 5.971746143927114225e+00 6.155310474013945488e+00 6.183461661921343833e+00 6.088727782822149770e+00 5.897341244628402812e+00 5.630517849827246124e+00 5.305567418254346634e+00 4.936695035216861704e+00 4.535480128548487144e+00 4.111107223719600690e+00 3.670470245182708258e+00 3.218299339583948981e+00 2.757465566218572306e+00 2.289585799608585326e+00 1.815959761747565571e+00 1.338738290641877215e+00 8.621106704183331138e-01
3.848066291023329644e+00 4.801157261795375497e+00 5.441291908674356748e+00 5.835611782752029519e+00 6.033482042857710503e+00 6.074709773345709607e+00 5.991721861479856415e+00 5.810799612204843534e+00 5.553271297441725096e+00 5.236563044000222433e+00 4.874971935300022707e+00 4.480138622522378711e+00 4.061284029880397384e+00 3.625326070349450092e+00 3.177021434854096160e+00 2.719283945101433453e+00 2.253797009167357146e+00 1.781947393391888346e+00 1.305977510567718269e+00 8.301465502265518159e-01
3.704429790800704225e+00 4.676331862219060831e+00 5.333294984662682481e+00 5.743348717611235443e+00 5.955689821360998337e+00 6.009899472111634999e+00 5.938351733932145216e+00 5.767403320002753908e+00 5.518510949524027431e+00 5.209235800055119547e+00 4.853998652174949413e+00 4.464551186121472170e+00 4.050217711814632970e+00 3.618016275228895129e+00 3.172799693253343101e+00 2.717565452109827362e+00 2.254052002989944015e+00 1.783652088334466423e+00 1.308546381104386480e+00 8.328527698054493111e-01
3.520536744268548901e+00 4.510635128612928924e+00 5.182962593783046579e+00 5.607553711804311725e+00 5.833655395778420960e+00 5.900585187009500743e+00 5.840573160835693223e+00 5.679974531210785216e+00 5.440319603950574567e+00 5.139260417944814030e+00 4.791294658331359813e+00 4.408226922990237995e+00 3.999413686317216943e+00 3.571895061635405710e+00 3.130549753111356637e+00 2.678418036367788080e+00 2.217305406789341404e+00 1.748692883474972204e+00 1.274855443390056520e+00 7.999864934915765780e-01
3.338215507161626849e+00 4.345813526580826647e+00 5.033267841460547842e+00 5.472071205495785406e+00 5.711654194289402575e+00 5.791107522057283852e+00 5.742506751093120698e+00 5.592183770986999036e+00 5.361722958399203876e+00 5.068853253131857528e+00 4.728140391996779712e+00 4.351436833995693476e+00 3.948128783548370713e+00 3.525277780757843260e+00 3.087788992299123070e+00 2.638746788924295927e+00 2.180025286046223254e+00 1.713195285189951678e+00 1.240627492716771751e+00 7.665927278428261715e-01
3.155591337533977914e+00 4.181765299327757646e+00 4.884223138480068727e+00 5.336949236466449698e+00 5.589742590208447659e+00 5.681519753975939224e+00 5.644198723831532760e+00 5.504069574023001898e+00 5.282752543909981391e+00 4.998039888221279092e+00 4.664556537591189489e+00 4.294197638482913248e+00 3.896376576837290884e+00 3.478175603586498799e+00 3.044526881759928028e+00 2.598560155191547150e+00 2.142219703478853710e+00 1.677167578450152297e+00 1.205871609664834088e+00 7.326818330460573847e-01
3.016109273642626931e+00 4.060335032590806748e+00 4.778471260553060596e+00 5.245626725419993974e+00 5.511846253097544945e+00 5.615892662971767813e+00 5.589568246382950356e+00 5.459155136702901423e+00 5.246335778331468802e+00 4.968993412371841778e+00 4.641849800575501561e+00 4.276895170687428305e+00 3.883636358764591456e+00 3.469248695011612593e+00 3.038754739383171977e+00 2.595363314639075103e+00 2.141071359817839248e+00 1.677548757366069010e+00 1.207210280414789061e+00 7.342832830948820000e-01
2.835249422300449851e+00 3.897861858797797563e+00 4.630725922491807367e+00 5.111266106129781051e+00 5.390178725810138793e+00 5.506155872390310790e+00 5.490843813854144884e+00 5.370452772920361717e+00 5.166669544864216590e+00 4.897416700583785421e+00 4.577459324384608230e+00 4.218820727962286021e+00 3.831029568090304593e+00 3.421279198433936131e+00 2.994618075435401039e+00 2.554300182751780834e+00 2.102392974694332839e+00 1.640658649239339129e+00 1.171611621120003610e+00 6.995638708864196920e-01
2.696628355150274547e+00 3.778137538384171545e+00 4.526299381364379926e+00 5.020709696508575348e+00 5.312544403646450419e+00 5.440416060057131631e+00 5.435848270812667415e+00 5.325013573776458564e+00 5.129632530494740550e+00 4.867697783029142578e+00 4.554057395675422448e+00 4.200820854652619118e+00 3.817604348331042008e+00 3.411690078986969965e+00 2.988213754928360277e+00 2.550506407246341478e+00 2.100687772840929668e+00 1.640530015228695460e+00 1.172500097903438565e+00 7.007974754895456293e-01
2.516984571865722664e+00 3.617120774366393565e+00 4.379897600153887183e+00 4.887254665720133673e+00 5.191299199503822237e+00 5.330705736231732494e+00 5.336865121705248960e+00 5.235859223912394000e+00 5.049386325243528262e+00 4.795456033246901839e+00 4.488944067930963122e+00 4.141983114344907513e+00 3.764205466988951532e+00 3.362908385447830550e+00 2.943252191267434537e+00 2.508612744331106370e+00 2.061180545603453762e+00 1.602821013231579883e+00 1.136103088291381624e+00 6.653159714239382794e-01
2.337707844374166566e+00 3.456692773770805971e+00 4.234155907603089908e+00 4.754316878486942066e+00 5.070357507615476322e+00 5.221102852961170271e+00 5.237837867141953652e+00 5.146551698532725538e+00 4.968909665882517146e+00 4.722927579810899168e+00 4.423500631498479052e+00 4.082779391984160178e+00 3.710409384427584278e+00 3.313701925370885260e+00 2.897842283529674656e+00 2.466252272764588582e+00 2.021194555369743018e+00 1.564629122982658327e+00 1.099228166402316464e+00 6.293724361946920753e-01
2.202600855353612275e+00 3.339434241127398284e+00 4.131824427348226081e+00 4.665171822076586317e+00 4.993427281736035006e+00 5.155493219852744780e+00 5.182558225654605444e+00 5.100547970245260743e+00 4.931126466052515589e+00 4.692350392072115461e+00 4.399177212889077815e+00 4.063829849094857671e+00 3.696032056261498777e+00 3.303177343817790934e+00 2.890533138029669935e+00 2.461594543583811134e+00 2.018674675757329062e+00 1.563744802689225777e+00 1.099435652025010368e+00 6.300279113561141342e-01
2.024393790860922859e+00 3.180239162901131067e+00 3.987385752148350893e+00 4.533263994499026062e+00 4.873111077791223877e+00 5.046138024059807492e+00 5.083481383451451840e+00 5.010974196095400401e+00 4.850230245605613888e+00 4.619293987629488285e+00 4.333127972593699084e+00 4.003963286614588668e+00 3.641531000870305235e+00 3.253235467794741709e+00 2.844367570519797717e+00 2.418467862495419674e+00 1.977921696704484589e+00 1.524795653980853372e+00 1.061825801015702897e+00 5.933891673486937357e-01
1.890170162128937514e+00 3.064611215433201696e+00 3.886513140703065972e+00 4.445201237692410601e+00 4.796832113941834841e+00 4.980805329899032685e+00 5.028194115145879550e+00 4.964761478996742916e+00 4.812102041212762416e+00 4.588283988458445428e+00 4.308319003077987652e+00 3.984501211127277287e+00 3.626633366612955101e+00 3.242197245345850742e+00 2.836562341919389052e+00 2.413340121728614562e+00 1.974965576502688558e+00 1.523518007499869764e+00 1.061696505775413302e+00 5.937864127729572949e-01
1.713082846233701995e+00 2.906533217160099269e+00 3.743323093142049363e+00 4.314366091401959480e+00 4.677242363524293012e+00 4.871819789131530243e+00 4.929189230766088947e+00 4.875033031810308337e+00 4.730884902720716489e+00 4.514785487050600565e+00 4.241738412525397628e+00 3.924036626436740338e+00 3.571484315086527861e+00 3.191570805432729863e+00 2.789687460523956997e+00 2.369490587695632033e+00 1.933487377632918669e+00 1.483853037364738281e+00 1.023393887990738937e+00 5.564961233095394588e-01
1.581405982275860822e+00 2.792538871883484486e+00 3.643924320537999417e+00 4.227463930709585149e+00 4.601731178539483658e+00 4.806891889380140448e+00 4.874018107032267011e+00 4.828724507093983931e+00 4.692512656405541271e+00 4.483431991095767621e+00 4.216522924144808115e+00 3.904132302731683879e+00 3.556129389293498200e+00 3.180076053296564176e+00 2.781438608787850875e+00 2.363941767797578031e+00 1.930141361294678282e+00 1.482226465815247307e+00 1.022970447175585385e+00 5.566754624799512552e-01
1.406038726201308986e+00 2.635488213771591148e+00 3.501909187801923729e+00 4.097712746180589782e+00 4.482940920520778860e+00 4.698376958762113809e+00 4.775191766349758282e+00 4.738942418089015618e+00 4.611065719296426835e+00 4.409571760392132944e+00 4.149481346568357765e+00 3.843131414448504035e+00 3.500386951406541325e+00 3.128814089607773408e+00 2.733899363880033295e+00 2.319411633893432079e+00 1.887978778441876671e+00 1.441886226922626912e+00 9.840162693329352894e-01 5.187761428714217082e-01
1.276408657578642192e+00 2.523118809298872556e+00 3.403984692381316624e+00 4.012026408141512235e+00 4.408293171664841914e+00 4.633965900956142470e+00 4.720249290849604762e+00 4.692643333840090136e+00 4.572544739859076834e+00 4.377959955818540472e+00 4.123935276903561764e+00 3.822852744517612145e+00 3.484635865279790412e+00 3.116918381024503582e+00 2.725258032962658561e+00 2.313489464915723826e+00 1.884288023244682586e+00 1.439953872271688917e+00 9.833399140888241519e-01 5.187762774668766008e-01
1.147662452244988973e+00 2.411730528156234232e+00 3.306898787292997355e+00 3.927019422461843767e+00 4.334140048556802682e+00 4.569875018021669177e+00 4.665483613388296646e+00 4.646412560232398903e+00 4.534014372207007426e+00 4.346285783945966763e+00 4.098292994657233734e+00 3.802458657950047893e+00 3.468761327809901207e+00 3.104899720830413212e+00 2.716500922699013110e+00 2.307464379474324367e+00 1.880513022620410091e+00 1.437963176105450769e+00 9.826411696246019067e-01 5.188041996711143522e-01
9.741215325462743158e-01 2.256296691983290081e+00 3.166609020914575634e+00 3.798912437559085031e+00 4.216642838002813143e+00 4.462205024135232456e+00 4.567080637247660668e+00 4.556705409284766084e+00 4.452371107048202603e+00 4.272023444262434744e+00 4.030694886068106442e+00 3.740786470435268019e+00 3.412264149807364699e+00 3.052825407747139508e+00 2.668113949352345582e+00 2.262070869161070252e+00 1.837489437047409746e+00 1.396781805242842234e+00 9.428850480279185042e-01 4.801674594874127400e-01
8.487523912270605875e-01 2.146608765165829880e+00 3.071010426694070539e+00 3.715185793305404438e+00 4.143471408454003857e+00 4.398776676419417164e+00 4.512695028489296156e+00 4.510629181651268915e+00 4.413825702764457404e+00 4.240211993652517108e+00 4.004830936752119541e+00 3.720116115528074641e+00 3.396082199557895365e+00 3.040486731911670404e+00 2.659038941836788794e+00 2.255741951342816520e+00 1.833435170469097653e+00 1.394547321947915419e+00 9.419917590546494912e-01 4.800696666425309789e-01
6.763354523912332716e-01 1.992116883429356333e+00 2.931719278546975005e+00 3.588115194478783465e+00 4.026866853910967770e+00 4.291753925424345972e+00 4.414679713823382201e+00 4.421079410037904722e+00 4.332150800869238871e+00 4.165767833176701629e+00 3.936932944435992177e+00 3.658051621124364328e+00 3.339121149217485041e+00 2.987894847702132317e+00 2.610096924808009700e+00 2.209771317006779867e+00 1.789827381339134327e+00 1.352789768045976615e+00 9.016837641780367507e-01 4.409251122788979127e-01
5.535991755497992051e-01 1.884182740867521577e+00 2.837610525502020309e+00 3.505689930570611956e+00 3.954732094014334898e+00 4.229065430825285077e+00 4.360760170136185998e+00 4.375243490926163048e+00 4.293671400871761357e+00 4.133893716323174594e+00 3.910915276978911947e+00 3.637166735526580208e+00 3.322688044809783303e+00 2.975287754692232056e+00 2.600751771229612874e+00 2.203183216107459597e+00 1.785536002597134742e+00 1.350351518524104399e+00 9.006337842975757901e-01 4.407366274470038148e-01
4.319951737069853137e-01 1.777335234859205748e+00 2.744387988356889352e+00 3.424008206651892205e+00 3.883186961721185604e+00 4.166810545877922323e+00 4.307135540927795603e+00 4.329590084313078791e+00 4.255288854720249425e+00 4.102054229415361242e+00 3.884889269167940196e+00 3.616245926775528474e+00 3.306203589733995862e+00 2.962623462480706849e+00 2.591351242918706443e+00 2.196548111414489135e+00 1.781212373578627606e+00 1.347903113513308826e+00 8.996051967350190415e-01 4.406136736155650824e-01
2.631922898527971899e-01 1.624602413712521010e+00 2.606652654520325907e+00 3.298500875212734051e+00 3.767965668027854598e+00 4.060844226643451904e+00 4.209812639374622911e+00 4.240398230558894532e+00 4.173691107494824415e+00 4.027461818578342623e+00 3.816666268488515534e+00 3.553720321829249240e+00 3.248679337585056004e+00 2.909395451732669891e+00 2.541725886326607675e+00 2.149870019623270068e+00 1.736894091379094007e+00 1.305452073917671152e+00 8.586417579084872909e-01 4.008774326351882134e-01
1.444179066617198304e-01 1.519675300754014025e+00 2.514960183165368957e+00 3.218156487977713809e+00 3.697528736220990986e+00 3.999430518502962162e+00 4.156769655863273627e+00 4.195102951774128286e+00 4.135487821373271089e+00 3.995665316029016090e+00 3.790583722300862490e+00 3.532673935764020001e+00 3.232025209732948934e+00 2.896537706415043711e+00 2.532124649133941308e+00 2.143040551690617246e+00 1.732394253398805040e+00 1.302857209779617387e+00 8.575098968248229259e-01 4.007120641731052868e-01
2.708193373883718488e-02 1.415553122376409734e+00 2.424145951180643355e+00 3.138578190418803704e+00 3.627721699023346069e+00 3.938503104066694682e+00 4.104079929119941461e+00 4.150049043559215001e+00 4.097437796500762452e+00 3.963956035158615165e+00 3.764541195799211426e+00 3.511635836797486920e+00 3.215360111470086490e+00 2.883659728934600874e+00 2.522502018818002956e+00 2.136195439964142295e+00 1.727891113908425647e+00 1.300278668906710289e+00 8.564229681716288844e-01 4.006318630010599069e-01
-8.776808914525865979e-02 1.313012843768148752e+00 2.334325772706263624e+00 3.059802617921485446e+00 3.558568594827536735e+00 3.878083928854840323e+00 4.051764653794935001e+00 4.105256673970175463e+00 4.059559841400776747e+00 3.932351275869852003e+00 3.738554478530366154e+00 3.490620386848277690e+00 3.198697100999333465e+00 2.870773412496547827e+00 2.512868857758973284e+00 2.129344626844051902e+00 1.723393765120071475e+00 1.297724713361079640e+00 8.553883669050187377e-01 4.006430478996286237e-01
-2.520661711192254684e-01 1.163316018881988656e+00 2.198796751441511432e+00 2.936391424957839114e+00 3.445255781242282822e+00 3.773666694989521009e+00 3.955556835113045455e+00 4.016757603136844601e+00 3.978286016537492475e+00 3.857778633844493932e+00 3.670108947125924281e+00 3.427684563484558744e+00 3.140622240136529353e+00 2.816895579186327936e+00 2.462530616788093152e+00 2.081922398959442866e+00 1.678328177725483483e+00 1.254548818861378701e+00 8.137483564300052041e-01 3.603091691279928233e-01
-3.633757264699944423e-01 1.062788819548692532e+00 2.110584581171691454e+00 2.859004084456302053e+00 3.377287365080313020e+00 3.714198114341226376e+00 3.903953114656547374e+00 3.972460400193300156e+00 3.940722535335445365e+00 3.826345482679543331e+00 3.644185744430400220e+00 3.406654624297567935e+00 3.123892105957768894e+00 2.803910627456060123e+00 2.452784770277442128e+00 2.074959336668468435e+00 1.673731472725525249e+00 1.251920173557427685e+00 8.126765720836518492e-01 3.603366033318955997e-01
-4.733490727928980624e-01 9.636637463837315343e-01 2.023379973651932673e+00 2.782444081865858010e+00 3.310005946250681674e+00 3.655280390958208336e+00 3.852772527287643189e+00 3.928475435449488629e+00 3.903380971518295439e+00 3.795064242977109092e+00 3.618362568096230358e+00 3.385688194043397825e+00 3.107201664370583760e+00 2.790951927468845462e+00 2.443060254999275038e+00 2.068019957615000237e+00 1.669167596714703938e+00 1.249340709174695085e+00 8.116788186829643204e-01 3.604733747951875955e-01
-5.814036825601577307e-01 8.658820470518971968e-01 1.937195061060352108e+00 2.706724527457966101e+00 3.243425005637094127e+00 3.596928640829816448e+00 3.802031396101289040e+00 3.884819336078652263e+00 3.866277526547977850e+00 3.763950254420032948e+00 3.592653691737733190e+00 3.364798422908222175e+00 3.090562967795285054e+00 2.778030500436057704e+00 2.433367138360278847e+00 2.061113436723357228e+00 1.664644848587502279e+00 1.246817788493914447e+00 8.107613528043705609e-01 3.607243252950582124e-01
-7.396827247077006895e-01 7.192389373097286542e-01 1.803931067795210064e+00 2.585376822877955227e+00 3.132032228548146335e+00 3.494157198195986247e+00 3.707102145536709692e+00 3.797213372122701713e+00 3.785541441183934985e+00 3.689610481431535582e+00 3.524190765551591831e+00 3.301646670850959531e+00 3.032120513473012480e+00 2.723675418093954192e+00 2.382479548395648905e+00 2.013103139585409984e+00 1.618981996131936718e+00 1.203062047322137396e+00 7.685848596054526416e-01 3.199266952609305936e-01
-8.435146345337818374e-01 6.238293985168582578e-01 1.719500229759964860e+00 2.511116090097003095e+00 3.066702833605611023e+00 3.436843575505394544e+00 3.657178827261151177e+00 3.754168429461569367e+00 3.748870327570545502e+00 3.658782826500805996e+00 3.498654396246146270e+00 3.280844632616493950e+00 3.015510010300703314e+00 2.710744107818061632e+00 2.372756481384855398e+00 2.006161653757501995e+00 1.614432129479266731e+00 1.200531660237280640e+00 7.676918163369480519e-01 3.202482744749482468e-01
-9.458974457645743517e-01 5.298893859981075316e-01 1.636155102811644113e+00 2.437735325073914439e+00 3.002108176896426173e+00 3.380133834458071806e+00 3.607737178903645425e+00 3.711496724494734334e+00 3.712481660016758500e+00 3.628165207813453197e+00 3.473272754925149641e+00 3.260156983659997287e+00 2.998986230742006320e+00 2.697882400469707509e+00 2.363094664062446171e+00 1.999280560887513047e+00 1.609948688971727826e+00 1.198080789314331929e+00 7.668993515466120403e-01 3.207009040650661835e-01
-1.046215037485211941e+00 4.374208521286962470e-01 1.553915139897739772e+00 2.365249764154051526e+00 2.938261407154575622e+00 3.324041450257706032e+00 3.558791468087707521e+00 3.669212891348434535e+00 3.676389889487760243e+00 3.597771487767515985e+00 3.448058882265296443e+00 3.239595839594028526e+00 2.982560344609683334e+00 2.685100545335215028e+00 2.353503468305744750e+00 1.992468391099833758e+00 1.605539365059722279e+00 1.195716226445118213e+00 7.662132114979283148e-01 3.212890234483424812e-01
-1.144946552910505178e+00 3.464665423767965824e-01 1.472806103223990304e+00 2.293675659836892144e+00 2.875175752383991146e+00 3.268579612995975214e+00 3.510355542855140953e+00 3.627331129969133539e+00 3.640609069785497365e+00 3.567615183512976351e+00 3.423025524047833112e+00 3.219173063911542343e+00 2.966243303428676814e+00 2.672408598827706872e+00 2.343992091510797682e+00 1.985733513477804024e+00 1.601211698543694162e+00 1.193444627237826294e+00 7.656390268311268343e-01 3.220169889262788354e-01
-1.294004201139772325e+00 2.048362105047354109e-01 1.342880784448762244e+00 2.175082871979857391e+00 2.766278973372501504e+00 3.168001017911241224e+00 3.417221749541579090e+00 3.541084655110913193e+00 3.560813114717055416e+00 3.493843744588275957e+00 3.354818398404639357e+00 3.156025108610666763e+00 2.907610003855317871e+00 2.617720707473611963e+00 2.292677207646003801e+00 1.937243423617301286e+00 1.555053051532950148e+00 1.149208970803746066e+00 7.230281639470313992e-01 2.808623127257145469e-01
-1.388156311272770171e+00 1.165908941234266305e-01 1.263737371175022606e+00 2.105085397991964591e+00 2.704532630659036041e+00 3.113672842353985448e+00 3.369715499360459443e+00 3.499937640955726792e+00 3.525592890688697967e+00 3.464101145714263197e+00 3.330080566183205804e+00 3.135806933829067500e+00 2.891431160081030516e+00 2.605121940426282201e+00 2.283232248848208190e+00 1.930563592759740432e+00 1.550782130678463933e+00 1.147007453694958823e+00 7.225487887989486824e-01 2.817222354481765945e-01
-1.479715022983060679e+00 2.993132213202778433e-02 1.185785510476305982e+00 2.036043301912463743e+00 2.643581604671008556e+00 3.060008614746942968e+00 3.322754766797018533e+00 3.459230386722240258e+00 3.490721876322752326e+00 3.434633532775352105e+00 3.305559284925098318e+00 3.115761162450179977e+00 2.875392992677679782e+00 2.592642672132164261e+00 2.273894505237839425e+00 1.923986321102924002e+00 1.546616018513811364e+00 1.144919822396548215e+00 7.221997396752298792e-01 2.827372055038792076e-01
-1.569641757741695010e+00 -5.511203031742914482e-02 1.109055575573344887e+00 1.967974466409834422e+00 2.583439326329081354e+00 3.007020657715799850e+00 3.276351991624746773e+00 3.418975554104398906e+00 3.456212672536091102e+00 3.405453135335362980e+00 3.281266188136161333e+00 3.095898701471855308e+00 2.859505623444275280e+00 2.580292226450820792e+00 2.264672512706161100e+00 1.917519367255705376e+00 1.542561685191635279e+00 1.142952202556780206e+00 7.219861747062475965e-01 2.839112011595111840e-01
-1.657820872477998142e+00 -1.385307054565766971e-01 1.033569768574867487e+00 1.900895633252573269e+00 2.524118915163143573e+00 2.954720993256295003e+00 3.230519257331988747e+00 3.379185434996207604e+00 3.422077531925677985e+00 3.376571871376872647e+00 3.257212636801055439e+00 3.076230220584098340e+00 2.843778966026903277e+00 2.568079741934437887e+00 2.255574639119784397e+00 1.911170334932339232e+00 1.538625956948299178e+00 1.141110587344351224e+00 7.219131352055503381e-01 2.852481121964491328e-01
-1.797318703937389239e+00 -2.742392578631551170e-01 9.075253894106268815e-01 1.785288077656621786e+00 2.417821280008015439e+00 2.856443599226288654e+00 3.139340248711690151e+00 3.294506308522004545e+00 3.343461002107826818e+00 3.303623033656280850e+00 3.189518924432581226e+00 3.013340032244612221e+00 2.785201480261994433e+00 2.513296792496213072e+00 2.204060880277578960e+00 1.862419687434050397e+00 1.492181831545484672e+00 1.096596320953045156e+00 6.790591206484239972e-01 2.439145684386176960e-01
-1.880358790176982042e+00 -3.546205112887140243e-01 8.342216745427364355e-01 1.719927737865908357e+00 2.359938020273161907e+00 2.805366561846109441e+00 3.094533214819292777e+00 3.255555874688277562e+00 3.309996756444202326e+00 3.275266946248424738e+00 3.165870343327366054e+00 2.993981551449333534e+00 2.769713277124794981e+00 2.501272114186792628e+00 2.195118287052906236e+00 1.856208811829825001e+00 1.488380167831238055e+00 1.094896006517255271e+00 6.791451709876130671e-01 2.454391069117808077e-01
-1.961726482734088339e+00 -4.333283755190840969e-01 7.622293706165583771e-01 1.655606473755439900e+00 2.302912993803484465e+00 2.755009688693248471e+00 3.050328064412001439e+00 3.217103052882351211e+00 3.276940046083291147e+00 3.247243187708460876e+00 3.142493499519995126e+00 2.974847749647769213e+00 2.754414712523823194e+00 2.489412421839308553e+00 2.186324895294281312e+00 1.850138990267293559e+00 1.484718257592215984e+00 1.093340735712306833e+00 6.793883907594908678e-01 2.471402923746277569e-01
-2.041310561320276662e+00 -5.103707403124532194e-01 6.915683818357821755e-01 1.592341308397587030e+00 2.246759483913659761e+00 2.705384547682037955e+00 3.006735941450385585e+00 3.179158977546840070e+00 3.244301943567370561e+00 3.219562573457912968e+00 3.119398764599671026e+00 2.955948421810751903e+00 2.739314926413376927e+00 2.477726162710143676e+00 2.177688445728517941e+00 1.844217249023882843e+00 1.481202391568819499e+00 1.091936010063805584e+00 6.797933883938747091e-01 2.490216729031266840e-01
-2.118173285146028650e+00 -5.856342618494340124e-01 6.222387638646739161e-01 1.530142882205783650e+00 2.191488923494273600e+00 2.656501902466134268e+00 2.963767453329983148e+00 3.141734343960488562e+00 3.212093143841545206e+00 3.192235593075124722e+00 3.096596229076542528e+00 2.937293119127208474e+00 2.724422844753392248e+00 2.466221592904073390e+00 2.169216504729645223e+00 1.838450451882235104e+00 1.477838706289603898e+00 1.090687183864564425e+00 6.803646369514029235e-01 2.510866970752646532e-01
-2.192419452877533370e+00 -6.590738760655813211e-01 5.542581533766967050e-01 1.469025768935923182e+00 2.137113672712467771e+00 2.608372720662472055e+00 2.921433140308656196e+00 3.104839661932464967e+00 3.180324112773980971e+00 3.165272501661861693e+00 3.074095761254060921e+00 2.918891189292494470e+00 2.709747209514983712e+00 2.454906802405556476e+00 2.160916488281445336e+00 1.832845326677881026e+00 1.474633217515147754e+00 1.089599509420712486e+00 6.811065315327501368e-01 2.533387575717501172e-01
-2.265014728761630902e+00 -7.308407548092624717e-01 4.876666649886219895e-01 1.409014008964309062e+00 2.083648970443637616e+00 2.561008963934941818e+00 2.879743869304166815e+00 3.068485482258102692e+00 3.149005228279423640e+00 3.138683412062909461e+00 3.051907069913387449e+00 2.900751821200901137e+00 2.695296612720953444e+00 2.443789743397934977e+00 2.152795688182107092e+00 1.827408492386465078e+00 1.471591850909502508e+00 1.088678173006227601e+00 6.820234276630405823e-01 2.557812161282898566e-01
-2.390826582616893958e+00 -8.570558420677080180e-01 3.682194561486195061e-01 1.298332526893362093e+00 1.981436426341280699e+00 2.466283824833734872e+00 2.791627663423125849e+00 2.986360758429902784e+00 3.072435173838774070e+00 3.067305970435610263e+00 2.985365328225802806e+00 2.838661107689452123e+00 2.637236196813496747e+00 2.389309782353668421e+00 2.101434318051481842e+00 1.778716167932030467e+00 1.425160292391216332e+00 1.044170756007790191e+00 6.392039950356380729e-01 2.145403806880571140e-01
-2.459087144950526937e+00 -9.255510852403204813e-01 3.041031715615427622e-01 1.240260964163669710e+00 1.929567941930903086e+00 2.420272919770547038e+00 2.751089645998730848e+00 2.950976336290489055e+00 3.041922067644679650e+00 3.041378833010769611e+00 2.963717057351726414e+00 2.820963352184001405e+00 2.623150151549529685e+00 2.378500106184919805e+00 2.093581302111802156e+00 1.773522605204445934e+00 1.422350409279126371e+00 1.043479885661493078e+00 6.403597819226019006e-01 2.172388989808318738e-01
-2.524725994831808151e+00 -9.920501970267732172e-01 2.414012339946731700e-01 1.183324541874267277e+00 1.878640862811885359e+00 2.375055699333714188e+00 2.711223925032696158e+00 2.916159907370442728e+00 3.011886998310877583e+00 3.015853586208508741e+00 2.942407924295113553e+00 2.803554541109188669e+00 2.609314224600371546e+00 2.367911730272764359e+00 2.085929435349114680e+00 1.768517549008649770e+00 1.419723063942887054e+00 1.042971836744550407e+00 6.417048993042863136e-01 2.201396613242160294e-01
-2.588802813507093514e+00 -1.056979799600382020e+00 1.801549973970716645e-01 1.127560906172388355e+00 1.828676149678570173e+00 2.330646370884516649e+00 2.672042074819352742e+00 2.881921974902823980e+00 2.982339930290105467e+00 2.990739772746501934e+00 2.921447021958034185e+00 2.786443257266699280e+00 2.595736436863814944e+00 2.357552080228909830e+00 2.078485530520588487e+00 1.763707189019555477e+00 1.417283807429079667e+00 1.042651482536840257e+00 6.432434493048572177e-01 2.232457980464180591e-01
-2.650742661269989586e+00 -1.120111930174757298e+00 1.203603426692750472e-01 1.072970793399353528e+00 1.779680884878305891e+00 2.287053226973229769e+00 2.633552587601129868e+00 2.848271162277320467e+00 2.953289559889550553e+00 2.966046023827465739e+00 2.900842756416812662e+00 2.769637542564921340e+00 2.582424362587574240e+00 2.347428192794074331e+00 2.071256041365404421e+00 1.759097362183267732e+00 1.415037823891842406e+00 1.042523304650644578e+00 6.449791465429230986e-01 2.265601987560307840e-01
-2.711006143311416761e+00 -1.181732855398317295e+00 6.203329838146116187e-02 1.019583235906162733e+00 1.731673630591698432e+00 2.244289480910090617e+00 2.595766373680407302e+00 2.815217397322679282e+00 2.924745320019491501e+00 2.941781392587015986e+00 2.880603775071869155e+00 2.753145577179201720e+00 2.569385658777241677e+00 2.337547162829806346e+00 2.064247477160433775e+00 1.754693976630186114e+00 1.412990400728518336e+00 1.042591929583714272e+00 6.469158715675324967e-01 2.300858336774585511e-01
-2.768648869841522586e+00 -1.241236970844002085e+00 5.171407105415546344e-03 9.673762901657454449e-01 1.684650773808997082e+00 2.202358364204319852e+00 2.558689061729921832e+00 2.782767398820451987e+00 2.896714504717619043e+00 2.917953418333658622e+00 2.860737604022119296e+00 2.736974673582252215e+00 2.556627277308373358e+00 2.327915478805237193e+00 2.057465791491294826e+00 1.750502396585206677e+00 1.411146262183379019e+00 1.042861389928831262e+00 6.490569318081299555e-01 2.338253303860158283e-01
-2.850738631207366147e+00 -1.326873663707521800e+00 -7.784544034792766076e-02 8.898303420391759921e-01 1.613197411467252707e+00 2.136723123911348665e+00 2.498416148582305318e+00 2.727466750760175973e+00 2.846080878089564337e+00 2.871721175959561112e+00 2.818640526503697341e+00 2.698726029662505965e+00 2.521916618930221787e+00 2.296415789682956010e+00 2.028846059529414880e+00 1.724442135481171867e+00 1.387349243148209510e+00 1.021066356074828763e+00 6.290440661556429003e-01 2.154192022995157774e-01
-2.932828392573209708e+00 -1.412510356571041292e+00 -1.608622878012708757e-01 8.122843939126066504e-01 1.541744049125508553e+00 2.071087883618377923e+00 2.438143235434688805e+00 2.672166102699899959e+00 2.795447251461509630e+00 2.825488933585463602e+00 2.776543448985275386e+00 2.660477385742760159e+00 2.487205960552070660e+00 2.264916100560675272e+00 2.000226327567534934e+00 1.698381874377137279e+00 1.363552224113039779e+00 9.992713222208263746e-01 6.090312005031558451e-01 1.970130742130156987e-01
-2.984513430829473180e+00 -1.466879030262208339e+00 -2.135284250154060592e-01 7.634586589509800847e-01 1.497506194726651252e+00 2.031506051703928506e+00 2.403071509849558307e+00 2.641430483482123837e+00 2.768877022853711178e+00 2.802901600253870473e+00 2.757731380612483019e+00 2.645206753616521578e+00 2.475224984400292705e+00 2.255967285601501615e+00 1.994058135108021768e+00 1.694756242930683721e+00 1.362245199441137977e+00 1.000065181235950007e+00 6.116981659258126092e-01 2.012928115729052392e-01
-3.034189744533073885e+00 -1.519444586262555852e+00 -2.646838663196532382e-01 7.158780811507055031e-01 1.454303472916084639e+00 1.992797781699849224e+00 2.368744480136088626e+00 2.611332227989626276e+00 2.742852919805890632e+00 2.780782998797524996e+00 2.739323369928655882e+00 2.630287265424579690e+00 2.463552928082463733e+00 2.247294680462827987e+00 1.988141775106664566e+00 1.691365334659880926e+00 1.361162226582305568e+00 1.001078340085741036e+00 6.145853770609831512e-01 2.057993512661419055e-01
-3.081883277221324047e+00 -1.570210885949467006e+00 -3.143225477194355189e-01 6.695521200852014854e-01 1.412145479611019550e+00 1.954971861477126316e+00 2.335170258914531338e+00 2.581879087118890137e+00 2.717382505041308960e+00 2.759140526701278073e+00 2.721326590117665312e+00 2.615725785872634379e+00 2.452196268888933162e+00 2.238904312543880337e+00 1.982482779458436761e+00 1.688214151731174617e+00 1.360307746499814119e+00 1.002314640325165929e+00 6.176960238239447287e-01 2.105351641515788297e-01
-3.127619991692110801e+00 -1.619182712091967513e+00 -3.624392683418703465e-01 6.244896077213754060e-01 1.371041401692769002e+00 1.918036793580425226e+00 2.302356720607412477e+00 2.553078586306182451e+00 2.692473121263353253e+00 2.737981369647432661e+00 2.703748014777857644e+00 2.601528994686817864e+00 2.441161314340255739e+00 2.230802054114701338e+00 1.977086538526627191e+00 1.685307567488840030e+00 1.359686083877510221e+00 1.003777820847506552e+00 6.210332098757895825e-01 2.155026561760549075e-01
-3.171425750227846230e+00 -1.666365683858510804e+00 -4.090296622248200120e-01 5.806987487489075894e-01 1.331000007223835713e+00 1.882000786449725016e+00 2.270311496925673467e+00 2.524938024454826291e+00 2.668131891908012587e+00 2.717312502932247575e+00 2.686594419408829815e+00 2.587703387949532363e+00 2.430454203340416175e+00 2.222993623331642077e+00 1.971958302081783687e+00 1.682650327361190135e+00 1.359301447998081169e+00 1.005471518681566812e+00 6.245999532067979532e-01 2.207041684965091732e-01
-3.268892294308166857e+00 -1.771099333822830690e+00 -5.125836573721137546e-01 4.820948380406911982e-01 1.238505967418079168e+00 1.795501677171429389e+00 2.189299613366495478e+00 2.448918284626638631e+00 2.596720038200301950e+00 2.650207142385152537e+00 2.623525454282107816e+00 2.528393995787959092e+00 2.374602453378997780e+00 2.170270385133944657e+00 1.922017212609848480e+00 1.635146550106234331e+00 1.313916531131821941e+00 9.619417068333578902e-01 5.827455653923747647e-01 1.804591108593595616e-01
-3.309178155515133835e+00 -1.815342318840648561e+00 -5.564410808205551007e-01 4.406201288187953091e-01 1.200383536413077490e+00 1.761082304318205338e+00 2.158637608962254539e+00 2.421968788052057509e+00 2.573404730046300326e+00 2.630420836214349301e+00 2.607131404435309552e+00 2.515224715193110860e+00 2.364467457719254373e+00 2.162967574254505365e+00 1.917344062158699902e+00 1.632907754561683467e+00 1.313925391599407133e+00 9.640135089706127758e-01 5.866826369027334787e-01 1.860290171190502606e-01
-3.347403242412575253e+00 -1.857368251829553563e+00 -5.986895966243429568e-01 4.004211752485827835e-01 1.163333617647236418e+00 1.727577437425297902e+00 2.128761215576394417e+00 2.395697273467845889e+00 2.550676130579443868e+00 2.611143684752792016e+00 2.591181210794953227e+00 2.502445169685679538e+00 2.354678215654131268e+00 2.155975598620609723e+00 1.912954818401513046e+00 1.630932946894231517e+00 1.314184545226405376e+00 9.663276196749329694e-01 5.908595079026874863e-01 1.918416101873454960e-01
-3.383810774320525905e+00 -1.897637320710979347e+00 -6.393981114354634343e-01 3.615244441001350117e-01 1.127380016488919612e+00 1.695003225976757344e+00 2.099682291896997288e+00 2.370113387674557703e+00 2.528542683104978206e+00 2.592383385150867525e+00 2.575682014371594608e+00 2.490062011334154501e+00 2.345240906384927104e+00 2.149300163358155213e+00 1.908854707954462437e+00 1.629226870087809198e+00 1.314698238811743858e+00 9.688877514158360515e-01 5.952792590300846065e-01 1.978991414638980317e-01
-3.418424175859477110e+00 -1.936158246463732802e+00 -6.785662083444925496e-01 3.239350587890958977e-01 1.092529404253868464e+00 1.663366432300075859e+00 2.071407325035415692e+00 2.345223391105319077e+00 2.507010512369105992e+00 2.574145949207426565e+00 2.560639674914314767e+00 2.478080879192881447e+00 2.336160875414211802e+00 2.142946256678171402e+00 1.905048311289185170e+00 1.627793658032800295e+00 1.315470127367984521e+00 9.716970485121717571e-01 5.999444885095601698e-01 2.042036259286817146e-01
-3.451266234812755851e+00 -1.972940102275482888e+00 -7.161940928122522143e-01 2.876575522597234480e-01 1.058787995880656085e+00 1.632673477963419773e+00 2.043942529580115242e+00 2.321033305856397444e+00 2.486085523416059484e+00 2.556437183163759563e+00 2.546059860511979966e+00 2.466507235052104896e+00 2.327443305434589771e+00 2.136918717944246815e+00 1.901540073228279226e+00 1.626637321518633827e+00 1.316503755225486128e+00 9.747585577987313288e-01 6.048577122917477844e-01 2.107570149499964074e-01
-3.538028451827766485e+00 -2.068439911876799098e+00 -8.123301293151025115e-01 1.949348270998645105e-01 9.710520258571998520e-01 1.550158576988206693e+00 1.966354160529001582e+00 2.247982820548859451e+00 2.417241323795397800e+00 2.491533574476760382e+00 2.484862329701570172e+00 2.408779073819706351e+00 2.272926557268031722e+00 2.085329754787399015e+00 1.852576986860910102e+00 1.579996296220216756e+00 1.271901917445156238e+00 9.319608774922212291e-01 5.637057803976247561e-01 1.711987515271848337e-01
-3.567521549376051038e+00 -2.101974539410567999e+00 -8.471191018821558893e-01 1.610471909341076591e-01 9.393158206254361708e-01 1.521167736754667654e+00 1.940352467441895712e+00 2.225059904985668968e+00 2.397417049768321373e+00 2.474782007061489431e+00 2.471116488303117364e+00 2.397935264308179271e+00 2.264852768682417583e+00 2.079876762391704048e+00 1.849589250595823797e+00 1.579319680451137797e+00 1.273385655810797212e+00 9.354519597616667292e-01 5.690351303992090548e-01 1.781600209306213045e-01
-3.567521549376051038e+00 -2.101974539410567999e+00 -8.471191018821558893e-01 1.610471909341076591e-01 9.393158206254361708e-01 1.521167736754667654e+00 1.940352467441895712e+00 2.225059904985668968e+00 2.397417049768321373e+00 2.474782007061489431e+00 2.471116488303117364e+00 2.397935264308179271e+00 2.264852768682417583e+00 2.079876762391704048e+00 1.849589250595823797e+00 1.579319680451137797e+00 1.273385655810797212e+00 9.354519597616667292e-01 5.690351303992090548e-01 1.781600209306213045e-01
-3.567521549376051038e+00 -2.101974539410567999e+00 -8.471191018821558893e-01 1.610471909341076591e-01 9.393158206254361708e-01 1.521167736754667654e+00 1.940352467441895712e+00 2.225059904985668968e+00 2.397417049768321373e+00 2.474782007061489431e+00 2.471116488303117364e+00 2.397935264308179271e+00 2.264852768682417583e+00 2.079876762391704048e+00 1.849589250595823797e+00 1.579319680451137797e+00 1.273385655810797212e+00 9.354519597616667292e-01 5.690351303992090548e-01 1.781600209306213045e-01
-3.567521549376051038e+00 -2.101974539410567999e+00 -8.471191018821558893e-01 1.610471909341076591e-01 9.393158206254361708e-01 1.521167736754667654e+00 1.940352467441895712e+00 2.225059904985668968e+00 2.397417049768321373e+00 2.474782007061489431e+00 2.471116488303117364e+00 2.397935264308179271e+00 2.264852768682417583e+00 2.079876762391704048e+00 1.849589250595823797e+00 1.579319680451137797e+00 1.273385655810797212e+00 9.354519597616667292e-01 5.690351303992090548e-01 1.781600209306213045e-01
-3.783929539153132016e+00 -2.351142278120152973e+00 -1.109536744094885563e+00 -9.869061593288840084e-02 6.919504233833324580e-01 1.290973625107143530e+00 1.729380832217329855e+00 2.034110550836339293e+00 2.226747607778549742e+00 2.324337293756451928e+00 2.340573109494603621e+00 2.286717739271698857e+00 2.172172223712427463e+00 2.004793534024083002e+00 1.791084241051743353e+00 1.536356225213184601e+00 1.244944967450612783e+00 9.205288694299661456e-01 5.665872293946864202e-01 1.870120303415482577e-01
-3.783929539153132016e+00 -2.351142278120152973e+00 -1.109536744094885563e+00 -9.869061593288840084e-02 6.919504233833324580e-01 1.290973625107143530e+00 1.729380832217329855e+00 2.034110550836339293e+00 2.226747607778549742e+00 2.324337293756451928e+00 2.340573109494603621e+00 2.286717739271698857e+00 2.172172223712427463e+00 2.004793534024083002e+00 1.791084241051743353e+00 1.536356225213184601e+00 1.244944967450612783e+00 9.205288694299661456e-01 5.665872293946864202e-01 1.870120303415482577e-01
-3.783929539153132016e+00 -2.351142278120152973e+00 -1.109536744094885563e+00 -9.869061593288840084e-02 6.919504233833324580e-01 1.290973625107143530e+00 1.729380832217329855e+00 2.034110550836339293e+00 2.226747607778549742e+00 2.324337293756451928e+00 2.340573109494603621e+00 2.286717739271698857e+00 2.172172223712427463e+00 2.004793534024083002e+00 1.791084241051743353e+00 1.536356225213184601e+00 1.244944967450612783e+00 9.205288694299661456e-01 5.665872293946864202e-01 1.870120303415482577e-01
-3.783929539153132016e+00 -2.351142278120152973e+00 -1.109536744094885563e+00 -9.869061593288840084e-02 6.919504233833324580e-01 1.290973625107143530e+00 1.729380832217329855e+00 2.034110550836339293e+00 2.226747607778549742e+00 2.324337293756451928e+00 2.340573109494603621e+00 2.286717739271698857e+00 2.172172223712427463e+00 2.004793534024083002e+00 1.791084241051743353e+00 1.536356225213184601e+00 1.244944967450612783e+00 9.205288694299661456e-01 5.665872293946864202e-01 1.870120303415482577e-01
-3.800572032134290179e+00 -2.371524978172545595e+00 -1.132334196597878817e+00 -1.221535287542952208e-01 6.691384938677011895e-01 1.269632288965461653e+00 1.709981072005072766e+00 2.016923273507412961e+00 2.211931115889709698e+00 2.311976086237136130e+00 2.330694082158314639e+00 2.279300469108397564e+00 2.167159681921893899e+00 2.002103821074419088e+00 1.790621653948285763e+00 1.538019323061405652e+00 1.248629333668357377e+00 9.261227264087786848e-01 5.739589300857161902e-01 1.959895634058504421e-01
-3.871998575667467968e+00 -2.452462810549380201e+00 -1.215965760594732492e+00 -2.045627548030065634e-01 5.899033512890461406e-01 1.194263909127413870e+00 1.638530349886388127e+00 1.949210871483089580e+00 2.147744182046802841e+00 2.251125428045708254e+00 2.273009055523195876e+00 2.224608374685151713e+00 2.115269751810705756e+00 1.952801434705224493e+00 1.743672746036511567e+00 1.493183358978498410e+00 1.205678929299173863e+00 8.848679235781781172e-01 5.342742984323578526e-01 1.578431978905270872e-01
-3.885793528120629503e+00 -2.469821786639143202e+00 -1.235965673739293669e+00 -2.255709311680447748e-01 5.692055388294041673e-01 1.174742344638266989e+00 1.620707395076853352e+00 1.933399443474997037e+00 2.134134277799292878e+00 2.239826225976032870e+00 2.264068177387950964e+00 2.218023917276593426e+00 2.111001693004163737e+00 1.950783472983911748e+00 1.743823218098706329e+00 1.495413094581519386e+00 1.209893848013970263e+00 8.909645781539045073e-01 5.421273740882253112e-01 1.672849977208867300e-01
-3.898138371101880217e+00 -2.485934118832156869e+00 -1.254638361841331706e+00 -2.452624572175678697e-01 5.496841229669557904e-01 1.156240590307697103e+00 1.603767775644365123e+00 1.918357582804423700e+00 2.121198913637113215e+00 2.229121539697424659e+00 2.255654196476741813e+00 2.211909378016268413e+00 2.107155899202259874e+00 1.949148358955908655e+00 1.744324396062581828e+00 1.497967830652513710e+00 1.214413810642208436e+00 8.973515615398082179e-01 5.502609665543725104e-01 1.770021684151033281e-01
-3.936531088956377378e+00 -2.530706052625500746e+00 -1.302491374329580287e+00 -2.935491078521385577e-01 5.026325530493501725e-01 1.111287992841599070e+00 1.561285019855532141e+00 1.878475446428964135e+00 2.083950244887596615e+00 2.194498033020709116e+00 2.223619748371007177e+00 2.182399424824192469e+00 2.080076628445851838e+00 1.924380054887564473e+00 1.721728869552081154e+00 1.477398408523729945e+00 1.195726011558768676e+00 8.804126662986884178e-01 5.349571083090945978e-01 1.632424364911160275e-01
-3.974923806810874538e+00 -2.575477986418844623e+00 -1.350344386817828868e+00 -3.418357584867092736e-01 4.555809831317444991e-01 1.066335395375501038e+00 1.518802264066699159e+00 1.838593310053504570e+00 2.046701576138080014e+00 2.159874526343993129e+00 2.191585300265272096e+00 2.152889471632116525e+00 2.052997357689443358e+00 1.899611750819220291e+00 1.699133343041580257e+00 1.456828986394946179e+00 1.177038212475328915e+00 8.634737710575686176e-01 5.196532500638166852e-01 1.494827045671286991e-01
-3.982969435950807213e+00 -2.586689601419716489e+00 -1.364580366758044283e+00 -3.577224387088843160e-01 4.393408764410897116e-01 1.050677170645693881e+00 1.504339231318104542e+00 1.825720410504776181e+00 2.035675040808065273e+00 2.150856802242441912e+00 2.184668625729197178e+00 2.148110913265224298e+00 2.050351740058462546e+00 1.899064077905777248e+00 1.700629868754501839e+00 1.460305131362960251e+00 1.182421317587846410e+00 8.706789478032850305e-01 5.285712529876976928e-01 1.599596159293462383e-01
-3.989519310515068806e+00 -2.596338091956994276e+00 -1.377340105062254239e+00 -3.722833396561907593e-01 4.242640810134170604e-01 1.036032544207005301e+00 1.490760547086477317e+00 1.813622583021723633e+00 2.025331261099753810e+00 2.142443509616185349e+00 2.178289800121032460e+00 2.143813739231389182e+00 2.048139924792930167e+00 1.898910486048737356e+00 1.702487726104565890e+00 1.464116066174780517e+00 1.188118268454159576e+00 8.781822019673323210e-01 5.377765082970907828e-01 1.707177935545090841e-01
-3.994573221140448549e+00 -2.604430944857207830e+00 -1.388629965693911839e+00 -3.855220576957207879e-01 4.103493598481444127e-01 1.022401826700514604e+00 1.478067441642835433e+00 1.802301609717141373e+00 2.015672371912498928e+00 2.134637012569633896e+00 2.172451318007952548e+00 2.140000483582485735e+00 2.046364401047438442e+00 1.899153345042102314e+00 1.704709103817851679e+00 1.468263750511850763e+00 1.194130760866014551e+00 8.859849427831487656e-01 5.472701288458822200e-01 1.817580619165189704e-01
-4.055688942428846033e+00 -2.674578416161491390e+00 -1.462487699635801164e+00 -4.595367942458400967e-01 3.382116171823782991e-01 9.530689245684937916e-01 1.411821282692210300e+00 1.739131521763237487e+00 1.955474831980492878e+00 2.077295383571877263e+00 2.117850594154176758e+00 2.088018245105574877e+00 1.996859614888758294e+00 1.851961417715731306e+00 1.659645144829201113e+00 1.425133536862652317e+00 1.152748089872596582e+00 8.461937911640677878e-01 5.089700813896812504e-01 1.449321461432398206e-01
-4.058151463043899732e+00 -2.679838949804688841e+00 -1.471066757304441142e+00 -4.703299235048343241e-01 3.264463569340835258e-01 9.413133667377137082e-01 1.400767094101482257e+00 1.729250097469140268e+00 1.947086681961375465e+00 2.070615508858467901e+00 2.113015259359756648e+00 2.085102712304934158e+00 1.995892634482536065e+00 1.852938354299861201e+00 1.662539304787411076e+00 1.429904206269480893e+00 1.159343459881921445e+00 8.545470972934120502e-01 5.189878188364515088e-01 1.564739484386704627e-01
-4.059126531375087055e+00 -2.683569018777790749e+00 -1.478195007084583068e+00 -4.798103715648249223e-01 3.158412425993402661e-01 9.305744890475590170e-01 1.390603848362457207e+00 1.720152314955095907e+00 1.939391065703785610e+00 2.064550627548780160e+00 2.108728798613587863e+00 2.082679750374931249e+00 1.995370512255478790e+00 1.854320029640570855e+00 1.665804829041129365e+00 1.435018895252729632e+00 1.166260974543437134e+00 8.632057674017408200e-01 5.292990460446648227e-01 1.683022229708870388e-01
-4.058609123216600167e+00 -2.685774590030567843e+00 -1.483879093954016071e+00 -4.879828450232763237e-01 3.063936893671163064e-01 9.208513120963007781e-01 1.381331639670295930e+00 1.711838973323084767e+00 1.932389258190226000e+00 2.059102338384233288e+00 2.104993016115361382e+00 2.080751266025833157e+00 1.995295165660288639e+00 1.856108292469627941e+00 1.669443432176002551e+00 1.440479133545454538e+00 1.173501942356659944e+00 8.721708661909319815e-01 5.399045762704114404e-01 1.804175438866801595e-01
-4.115153131961715616e+00 -2.750870770690165390e+00 -1.552967442976465051e+00 -5.577778338399372871e-01 2.378965158827715809e-01 8.546518256841378891e-01 1.317804526394386500e+00 1.651051159862319206e+00 1.874292768367173290e+00 2.003619581165978047e+00 2.052038904289460675e+00 2.030229353823561400e+00 1.947089060619070278e+00 1.810077504992819941e+00 1.625426387807175521e+00 1.398303349840264387e+00 1.133000370705831816e+00 8.332030278624729114e-01 5.023811000324156506e-01 1.443272734773700661e-01
-4.112105916883380452e+00 -2.750322761528911641e+00 -1.555992040069685389e+00 -5.635255346471829130e-01 2.305996006707883295e-01 8.468175863357592092e-01 1.310191196327096907e+00 1.644200215149542288e+00 1.868586079810465650e+00 1.999323305327844524e+00 2.049332355307674991e+00 2.029225025091392354e+00 1.947848620995770386e+00 1.812625694748863259e+00 1.629762680932025809e+00 1.404410164617648116e+00 1.140846185684680325e+00 8.427388030729550117e-01 5.135288204282730806e-01 1.569600308826426538e-01
-4.107560167607327450e+00 -2.748270757178266077e+00 -1.557592174154896147e+00 -5.679778324602537953e-01 2.244545502923293578e-01 8.399982269297250337e-01 1.303471133667591264e+00 1.638137812031712492e+00 1.863578503675168196e+00 1.995649734880256654e+00 2.047183124350352657e+00 2.028722094610580839e+00 1.949061932000287545e+00 1.815587297854274640e+00 1.634478558033736428e+00 1.410868579394122690e+00 1.149020956261247672e+00 8.525859058282294622e-01 5.249751216020962508e-01 1.698835181002869010e-01
-4.101408324023600116e+00 -2.744381774553034337e+00 -1.557573502364351326e+00 -5.710968512581249268e-01 2.194494461792004525e-01 8.341765121252058268e-01 1.297630982937669541e+00 1.632854657203021587e+00 1.859263708187135045e+00 1.992594579844173097e+00 2.045588326536516011e+00 2.028718639781915023e+00 1.950727711920692498e+00 1.818961433194825839e+00 1.639573360023210968e+00 1.417678033397347326e+00 1.157524153975588721e+00 8.627438447299567992e-01 5.367196461983599898e-01 1.830977135447982573e-01
-4.153673683717612697e+00 -2.804654844418326576e+00 -1.621995244634258260e+00 -6.366854444913185862e-01 1.546282799359396665e-01 7.711676224764165699e-01 1.236886600362448130e+00 1.574512959528490130e+00 1.803330979603731787e+00 1.939032900244222368e+00 1.994343331062794933e+00 1.979720210422060811e+00 1.903883936602636107e+00 1.774155385216782843e+00 1.596666017323070896e+00 1.376517793024433445e+00 1.117962242463262257e+00 8.246544618420983408e-01 5.000235899209007906e-01 1.477886864692126156e-01
-4.145110738998527111e+00 -2.798430884704000476e+00 -1.619583805343990823e+00 -6.374549400851950987e-01 1.517741061692375326e-01 7.672557996463764685e-01 1.232730928866345943e+00 1.570718475896855981e+00 1.800337477818189535e+00 1.937155817731160967e+00 1.993803744104588382e+00 1.980666710768979488e+00 1.906410022017165806e+00 1.778314148471650258e+00 1.602482197269836650e+00 1.383996200144326005e+00 1.127091083794836024e+00 8.354020418708271167e-01 5.123271749683504517e-01 1.615348090136520531e-01
-4.135023614850638296e+00 -2.790722559191288532e+00 -1.615773724587596272e+00 -6.369496302222442674e-01 1.500588407140172609e-01 7.643523574087331962e-01 1.229466617289206365e+00 1.567713741921248793e+00 1.798046437094756644e+00 1.935906284421993639e+00 1.993827335770251841e+00 1.982121088083140137e+00 1.909396605678751024e+00 1.782893039166119742e+00 1.608684391683542492e+00 1.391832161257459344e+00 1.136554223963106347e+00 8.464656058114223836e-01 5.249332944470188611e-01 1.755749691016308400e-01
-4.184155751067358153e+00 -2.847478132873430212e+00 -1.676801614878344227e+00 -6.994720004050609674e-01 8.792739496740806238e-02 7.036842114871871834e-01 1.170767092657980735e+00 1.511171958762751011e+00 1.743708239971113239e+00 1.883762649599091565e+00 1.943845893656046320e+00 1.934250199451858387e+00 1.863561387817293413e+00 1.738993035611448246e+00 1.566596590830751534e+00 1.351420144357498465e+00 1.097682966413457750e+00 8.090209252956515051e-01 4.888448055523187397e-01 1.408417935892822548e-01
-4.170791733023849091e+00 -2.836389816802853403e+00 -1.669734671236725365e+00 -6.959662652885370004e-01 8.890778403006581454e-02 7.031752775606774364e-01 1.169624240328239084e+00 1.510050390675613530e+00 1.743094972334928716e+00 1.884014063527057914e+00 1.945218069525578297e+00 1.936922069639117172e+00 1.867653216162447727e+00 1.744581769036309460e+00 1.573728244464430936e+00 1.360118399415620738e+00 1.107952642216685213e+00 8.208448735872286850e-01 5.021730035081940491e-01 1.555718102018909255e-01
-4.157427714980339140e+00 -2.825301500732276150e+00 -1.662667727595106726e+00 -6.924605301720131445e-01 8.988817309272356670e-02 7.026663436341678004e-01 1.168481387998497434e+00 1.508928822588476049e+00 1.742481704698744194e+00 1.884265477455024484e+00 1.946590245395110053e+00 1.939593939826376179e+00 1.871745044507602040e+00 1.750170502461170896e+00 1.580859898098110339e+00 1.368816654473743011e+00 1.118222318019912676e+00 8.326688218788058649e-01 5.155012014640694140e-01 1.703018268144996239e-01
-4.203530866691197687e+00 -2.878638174814888373e+00 -1.720360110955959865e+00 -7.519372180436396658e-01 3.045216586227661448e-02 6.443591329752111907e-01 1.111853106598630125e+00 1.454215257259067862e+00 1.689766763891493495e+00 1.833568880392401956e+00 1.897901844320482034e+00 1.892880726952193449e+00 1.826949111298653783e+00 1.707207611306137407e+00 1.539622656842071668e+00 1.329183355890159346e+00 1.080071176367477737e+00 7.958967509026574350e-01 4.800461015809711629e-01 1.361676769810988563e-01
-4.186878912721738288e+00 -2.864208850239293280e+00 -1.710076237769782459e+00 -7.454586830563779687e-01 3.411369399511179901e-02 6.462402117232277643e-01 1.112833827529658759e+00 1.454983110363664345e+00 1.690840188901343355e+00 1.835331985001545929e+00 1.900634636723410820e+00 1.896782989657388230e+00 1.832159565626782172e+00 1.713819685799986114e+00 1.547697051647906941e+00 1.338756683326165930e+00 1.091159433064640139e+00 8.084922278591611944e-01 4.941065144767013972e-01 1.515966324282864985e-01
-4.168653184303893866e+00 -2.848319195334067633e+00 -1.698433211603043391e+00 -7.377400223732413220e-01 3.888935542555162217e-02 6.491142458651171232e-01 1.114697722796733848e+00 1.456537762721433760e+00 1.692616873038503611e+00 1.837726132769592846e+00 1.903936008727490803e+00 1.901199795815037286e+00 1.837837904025240388e+00 1.720859528891953705e+00 1.556164978153845579e+00 1.348694668709904843e+00 1.102588482363237921e+00 8.214094681472047244e-01 5.084745188409277583e-01 1.673240648921440477e-01
-4.179846749357574609e+00 -2.864091309398407947e+00 -1.718575478188629546e+00 -7.609523138873287573e-01 1.395598064788440909e-02 6.235254955507067987e-01 1.089200808463074877e+00 1.431633572921615416e+00 1.668642678631635512e+00 1.814914078669071396e+00 1.882446134321629660e+00 1.881137032785392682e+00 1.819261886910661818e+00 1.703792457572814723e+00 1.540599717895379417e+00 1.334603424903476387e+00 1.089931437772485578e+00 8.101423599244368390e-01 4.985540836418014266e-01 1.587105475839913349e-01
-4.191040314411254464e+00 -2.879863423462748262e+00 -1.738717744774215701e+00 -7.841646054014161926e-01 -1.097739412978280225e-02 5.979367452362963631e-01 1.063703894129415906e+00 1.406729383121797072e+00 1.644668484224767635e+00 1.792102024568549945e+00 1.860956259915768740e+00 1.861074269755748078e+00 1.800685869796083027e+00 1.686725386253675962e+00 1.525034457636913032e+00 1.320512181097047932e+00 1.077274393181733236e+00 7.988752517016688426e-01 4.886336484426750393e-01 1.500970302758386499e-01
-4.232235003415141250e+00 -2.927717803566804555e+00 -1.791038008043469354e+00 -8.387040792411079027e-01 -6.601844966718489749e-02 5.434958437353891725e-01 1.010477564588478705e+00 1.355025050096779760e+00 1.594630517364245881e+00 1.743796511743796573e+00 1.814408844443292645e+00 1.816281590298621129e+00 1.757616731169091784e+00 1.645321010799654760e+00 1.485212136741558497e+00 1.282173795762985513e+00 1.040319860334916857e+00 7.632202833611675397e-01 4.542309726933623781e-01 1.169604681713024286e-01
-4.208923026308429627e+00 -2.906704877606450577e+00 -1.774444576461416290e+00 -8.263784465213313002e-01 -5.705725776896312940e-02 5.501250987188324171e-01 1.015695808451572590e+00 1.359577184398809369e+00 1.599093010437594442e+00 1.748605879971105281e+00 1.819890896263846258e+00 1.822676213125566269e+00 1.765098176929694729e+00 1.654014424805346772e+00 1.495206488400618872e+00 1.293530636125241440e+00 1.053076821954428643e+00 7.773880353780591168e-01 4.697824291614871584e-01 1.338112659672061611e-01
-4.183990866796483132e+00 -2.884245818858717669e+00 -1.756523932974478175e+00 -8.128442800954399639e-01 -4.700710849977516453e-02 5.577293946953295611e-01 1.021785521547519116e+00 1.364909215694838140e+00 1.604255453471057580e+00 1.754045644011109850e+00 1.825942823044920171e+00 1.829588038025913077e+00 1.773051046705452993e+00 1.663139627966360390e+00 1.505598550820838266e+00 1.305256230341557577e+00 1.066178429422209417e+00 7.918810849603988844e-01 4.856447026986061011e-01 1.509635684626625396e-01
-4.222319870942812692e+00 -2.928901340353579297e+00 -1.805664930448535488e+00 -8.644140091788029556e-01 -9.936472856604228188e-02 5.056777611361725766e-01 9.706798322030432136e-01 1.315091984554014992e+00 1.555903856521297701e+00 1.707252855574021622e+00 1.780756468813640581e+00 1.786023348552792545e+00 1.731093476154148547e+00 1.622745916734111837e+00 1.466700602854855928e+00 1.267769435367030351e+00 1.030014643371708560e+00 7.569657840213331879e-01 4.519375544404394818e-01 1.184818519235966705e-01
-4.194803434810986609e+00 -2.903915898205760016e+00 -1.785319988399503455e+00 -8.486200039328971600e-01 -8.725215992177459690e-02 5.151417837127542088e-01 9.784384064133346826e-01 1.321921240320107049e+00 1.562412456256267124e+00 1.713906893288330124e+00 1.787907873057212438e+00 1.793934976474509835e+00 1.739959946295547066e+00 1.632710570293814056e+00 1.477868694147276063e+00 1.280217033734172061e+00 1.043792239369921271e+00 7.720953656177702573e-01 4.684019572839853152e-01 1.362053509122164718e-01
-4.231239898585567261e+00 -2.946505867903692621e+00 -1.832429546080286853e+00 -8.983057420478520738e-01 -1.379173017783384414e-01 4.645901050197187576e-01 9.286596162973453916e-01 1.273282352061632539e+00 1.515112570283327020e+00 1.668056524957333586e+00 1.743568118374293041e+00 1.751132093867773909e+00 1.698689181284628535e+00 1.592937948167410189e+00 1.439535193696340531e+00 1.243246889799821675e+00 1.008105697790635968e+00 7.376254946780144151e-01 4.351148298659713309e-01 1.041230778683149560e-01
-4.201119817028281744e+00 -2.919010806553657300e+00 -1.809685341305502293e+00 -8.802739552304831294e-01 -1.237580960286392556e-01 4.759041964450921314e-01 9.380822262532121369e-01 1.281607502114100683e+00 1.522968472878166057e+00 1.675927761098867874e+00 1.751823220919328072e+00 1.760048677800406969e+00 1.708475034146259119e+00 1.603748197619796256e+00 1.451485587392108645e+00 1.256422692906618455e+00 1.022565248053560971e+00 7.533972199081011567e-01 4.521865443711095001e-01 1.224224967721153773e-01
-4.169336027005781986e+00 -2.890081295553009966e+00 -1.785646029650295619e+00 -8.610682756094915069e-01 -1.085398484102041566e-01 4.881700715508723309e-01 9.483593361919947506e-01 1.290700773966089843e+00 1.531516613457851950e+00 1.684424784186236312e+00 1.760645914129575607e+00 1.769481869035095745e+00 1.718732881792527589e+00 1.614991542760083609e+00 1.463835392765735488e+00 1.269969091407042949e+00 1.037371260719229582e+00 7.694959580447851000e-01 4.695707078545821034e-01 1.410250950386878754e-01
-4.202939179829039418e+00 -2.929577298357467718e+00 -1.829669601442079019e+00 -9.078429297571025680e-01 -1.565464401942809336e-01 4.400075807078370760e-01 9.007165054703161200e-01 1.243972976378945106e+00 1.485931969266405028e+00 1.640119136026843893e+00 1.717701603329608639e+00 1.727943351648443482e+00 1.678611660284302420e+00 1.576268650682155936e+00 1.426465787163627263e+00 1.233889793549357128e+00 1.002513689728111501e+00 7.358021716458302830e-01 4.370129483556270400e-01 1.096281530694807743e-01
-4.168514281355884421e+00 -2.898157247442897155e+00 -1.803267943877877144e+00 -8.864358981932616288e-01 -1.393107524631382044e-01 4.541027095445003825e-01 9.126441248041461396e-01 1.254554298706105575e+00 1.495823831489152100e+00 1.649832953369696709e+00 1.727629954767247122e+00 1.738385188513039470e+00 1.689793788543215269e+00 1.588363257544673557e+00 1.439603959879679485e+00 1.248170564753546818e+00 1.018007708712379333e+00 7.525488516687358631e-01 4.550099146008592665e-01 1.288118939739708868e-01
-4.200469651516954173e+00 -2.935965909941903096e+00 -1.845503714309428167e+00 -9.314255395351250799e-01 -1.856480816736895689e-01 4.074484229604249386e-01 8.663484297588643912e-01 1.209029296005641685e+00 1.451316683253067730e+00 1.606495996330109755e+00 1.685558918598644151e+00 1.697635649914625899e+00 1.650387059272912849e+00 1.550289521353478861e+00 1.402826960157120162e+00 1.212635750454507555e+00 9.836543690338479529e-01 7.193260315294845997e-01 4.228955779647444735e-01 9.783490756235967145e-02
-4.163396849422498214e+00 -2.902061259021512019e+00 -1.816753004241997926e+00 -9.078358456995772041e-01 -1.664126621482250046e-01 4.233593322408589210e-01 8.799176376975439418e-01 1.221093527620929597e+00 1.462550013239083402e+00 1.617426515400961051e+00 1.696594448866270977e+00 1.709088842015047405e+00 1.662497020587412999e+00 1.563239491920457302e+00 1.416757902444823802e+00 1.227655391613587055e+00 9.998408289642581881e-01 7.367249190331277564e-01 4.415093905766251936e-01 1.176036138973163281e-01
-4.193270977266475796e+00 -2.937578386203019143e+00 -1.856855768737645462e+00 -9.509359258798365522e-01 -2.110758757794126694e-01 3.781943646457360253e-01 8.349507019137449859e-01 1.176758185417724034e+00 1.419112115330358304e+00 1.575053809514202596e+00 1.655395173831685884e+00 1.669129067135210143e+00 1.623807392213872713e+00 1.525818948575549339e+00 1.380578624625607098e+00 1.192670949494114119e+00 9.659981337123010325e-01 7.039798391451089765e-01 4.098455540842224076e-01 8.705399128965309041e-02
-4.153516140555089997e+00 -2.901210264703551367e+00 -1.825792041061883975e+00 -9.251931009539904327e-01 -1.898617004238865313e-01 3.959068225024662824e-01 8.501523374625005181e-01 1.190299951239083054e+00 1.431684355903318329e+00 1.587200578934767847e+00 1.667539009903541869e+00 1.681595911397376852e+00 1.636848319166848142e+00 1.539627967286758103e+00 1.395306330743073087e+00 1.208433563585464166e+00 9.828810881216492046e-01 7.220348250252998090e-01 4.290798751637672215e-01 1.074110832221572415e-01
-4.112054111581656457e+00 -2.863426163179062289e+00 -1.793480507980719230e+00 -8.983295047501426156e-01 -1.676367213031650649e-01 4.145313364058717531e-01 8.661774976703742190e-01 1.204586521603950189e+00 1.444931760120962361e+00 1.599960974734626618e+00 1.680242054550656672e+00 1.694573814943476586e+00 1.650357747555588839e+00 1.553868008826568392e+00 1.410432297327187445e+00 1.224566176512480675e+00 1.000110227366091564e+00 7.404167626635593802e-01 4.486268381848063647e-01 1.280719998070128929e-01
-4.139089161047684762e+00 -2.895964446871578168e+00 -1.830619603493956804e+00 -9.386085853886698693e-01 -2.096927746249645785e-01 3.717363429741469272e-01 8.233498264143974676e-01 1.162179980343523766e+00 1.403235922453700768e+00 1.559165954477705673e+00 1.640475767015785458e+00 1.655919577488148109e+00 1.612861677225309487e+00 1.517543226249208566e+00 1.375264041529695946e+00 1.190519808352948683e+00 9.671428010699005817e-01 7.084921100146138739e-01 4.177337538671019868e-01 9.824514625772715060e-02
-4.094917513118164543e+00 -2.855735130871615457e+00 -1.796032530034967323e+00 -9.096321262169214661e-01 -1.855244085919817709e-01 3.921343697042032339e-01 8.409865638089134565e-01 1.177929322892453001e+00 1.417812325390576111e+00 1.573136455666839240e+00 1.654283860539482731e+00 1.669910055843727648e+00 1.627302593272307529e+00 1.532643957838835558e+00 1.391189142610712359e+00 1.207398188175126119e+00 9.850714339591906121e-01 7.275332228190897199e-01 4.379043472540811721e-01 1.194976876942705074e-01
-4.120102283939968579e+00 -2.886357703902153293e+00 -1.831282411445545710e+00 -9.481245175079741072e-01 -2.259374680103589939e-01 3.508272225194963290e-01 7.994983450197740149e-01 1.136728454828223489e+00 1.377204310052598357e+00 1.533325732993734203e+00 1.615410467494304392e+00 1.632067649886612903e+00 1.590546487727330094e+00 1.496995813707678868e+00 1.356642322550770441e+00 1.173925767827533662e+00 9.526376036157199190e-01 6.961080818347767929e-01 4.074817308665441007e-01 9.011567862290173481e-02
-4.073206634955993444e+00 -2.843696304006250841e+00 -1.794444356276526431e+00 -9.170611243973896265e-01 -1.998482717085321159e-01 3.729810596495525821e-01 8.187336712118943316e-01 1.153931557189639800e+00 1.393103855791196111e+00 1.548502930411033596e+00 1.630322077875996145e+00 1.647070593061831456e+00 1.605919831621347216e+00 1.512958916216582406e+00 1.373368722722344115e+00 1.191552356040028293e+00 9.712682930702551953e-01 7.158109523412994335e-01 4.282785113061397531e-01 1.119623912268904037e-01
-4.096542293583017802e+00 -2.872422624127332291e+00 -1.827826868279253780e+00 -9.537840959989284384e-01 -2.386292366348787830e-01 3.331565237309440652e-01 7.785838396295859942e-01 1.113938083133949819e+00 1.353587205030944096e+00 1.509681301654783647e+00 1.592347323331058107e+00 1.610046533159368076e+00 1.569910840492807047e+00 1.477995056003205132e+00 1.339451319470277957e+00 1.158662017020950508e+00 9.393761434935103960e-01 6.848931465545340380e-01 3.983337059089085419e-01 8.303186394224924827e-02
-4.046911105421693300e+00 -2.827342875650604714e+00 -1.788762752525282496e+00 -9.206603599662852577e-01 -2.106427446630168010e-01 3.570473098209553386e-01 7.994035610475660469e-01 1.132584768776091710e+00 1.370802954347303482e+00 1.526060792682302214e+00 1.608360009367383991e+00 1.626060996605897424e+00 1.586216783846924550e+00 1.494821501744090009e+00 1.356980531578717342e+00 1.177038659280517541e+00 9.587109134785867237e-01 7.052598778765467591e-01 4.197588146239714102e-01 1.054749490964344144e-01
-4.068397519314803645e+00 -2.854191080169523165e+00 -1.820299258107871410e+00 -9.556314893379141973e-01 -2.478033205975508912e-01 3.186991370172860272e-01 7.605900315649171128e-01 1.093799482064966577e+00 1.332380400658547570e+00 1.488232348899509061e+00 1.571289010866626423e+00 1.589861225542088530e+00 1.550961522187093156e+00 1.460549063058898867e+00 1.323700040314304216e+00 1.144738070634663485e+00 9.273680888336497397e-01 6.748568185310591661e-01 3.902987856322870930e-01 7.700220605853801137e-02
-4.016022643832831029e+00 -2.806707698495885861e+00 -1.779034542586706902e+00 -9.204747153983615648e-01 -2.179440346637486481e-01 3.443068850564239836e-01 7.829787844953013387e-01 1.113878438983330277e+00 1.350904352373211159e+00 1.505808753149163737e+00 1.588399434217439898e+00 1.606885440086500472e+00 1.568199476768160183e+00 1.478239123758580797e+00 1.342032932826007219e+00 1.163866023515359505e+00 9.474084304029787296e-01 6.958890395233550130e-01 4.123539524190291128e-01 1.000435227495200391e-01
-4.035658880806707316e+00 -2.831694829283210257e+00 -1.808745972945855485e+00 -9.537118536194613139e-01 -2.534966740367409765e-01 3.074278660759711679e-01 7.454984852000735573e-01 1.076301219950223320e+00 1.313577819954387271e+00 1.468976874610062433e+00 1.552236674891450452e+00 1.571515321223603046e+00 1.533704019066533863e+00 1.444664732571214971e+00 1.309396361378940332e+00 1.132162390614440683e+00 9.166221371527998318e-01 6.660077305696041616e-01 3.833852945862847306e-01 7.203454051763416577e-02
-4.054479278159685229e+00 -2.855846457284625384e+00 -1.837644089652569646e+00 -9.861899971885602634e-01 -2.883604383917817149e-01 2.711652251596622376e-01 7.085675178308691313e-01 1.039214582034306389e+00 1.276691168549612065e+00 1.432540730255132067e+00 1.516430489305113927e+00 1.536466487909471379e+00 1.499497865448443434e+00 1.411350854329891602e+00 1.276994882398447384e+00 1.100672135069392654e+00 8.860315867802800449e-01 6.363089436676705457e-01 3.545905925188126973e-01 4.419574009742636284e-02
-3.998320840829828970e+00 -2.804966109778535888e+00 -1.793213763313222131e+00 -9.480713754426263185e-01 -2.557479129425793696e-01 2.993135043563242004e-01 7.332886740748564280e-01 1.061429862109354305e+00 1.297171542674015576e+00 1.451911204782956322e+00 1.535189936782155540e+00 1.555011015938440933e+00 1.518142522294687602e+00 1.430347756116476354e+00 1.296547034492586681e+00 1.120942394573718914e+00 9.071460247761646833e-01 6.583536441033431830e-01 3.776007858656116323e-01 6.813604524810848440e-02
-4.015295243071324016e+00 -2.827283705042682893e+00 -1.820318007021118012e+00 -9.788415284889702139e-01 -2.890215184756839695e-01 2.645100531281618927e-01 6.976870623845655706e-01 1.025551706655470241e+00 1.261384253467736860e+00 1.416477027291344060e+00 1.500298951909661893e+00 1.520800058263728216e+00 1.484705440425736267e+00 1.397742028403995862e+00 1.264800179264928381e+00 1.090060129926024635e+00 8.771230692568183773e-01 6.291873701145032083e-01 3.493075672739306414e-01 4.077009966980652683e-02
-3.956382263880223960e+00 -2.774038224819919574e+00 -1.773750006035079263e+00 -9.387573364749852711e-01 -2.545972795331203353e-01 2.943249024385837798e-01 7.239380443202512172e-01 1.049170017751439810e+00 1.283151835704691601e+00 1.437030010112175793e+00 1.520146906267547671e+00 1.540349115593751206e+00 1.504279935640276067e+00 1.417602627034171059e+00 1.285157695522155308e+00 1.111084464990521159e+00 8.989465366054805173e-01 6.519014593133546365e-01 3.729520512827733114e-01 6.531325036792444416e-02
-3.971508895738470102e+00 -2.794536752627548637e+00 -1.799080414490202617e+00 -9.678379462009496503e-01 -2.862948498754027682e-01 2.609712315852736886e-01 6.896604146511334799e-01 1.014498063536220851e+00 1.248463899157845614e+00 1.402599469318542846e+00 1.486174075452811438e+00 1.506980000007059894e+00 1.471616697844158050e+00 1.385710443736923425e+00 1.254071297550128028e+00 1.080816277485101118e+00 8.694973232149943998e-01 6.232737131377530382e-01 3.451660066754909661e-01 3.842533598605222395e-02
-3.909847181238371050e+00 -2.738946106118056445e+00 -1.750402983222554054e+00 -9.258181961740423738e-01 -2.500866216692727573e-01 2.924290265394930977e-01 7.174220749196126290e-01 1.039504387601426272e+00 1.271507186199106965e+00 1.424326327954650528e+00 1.507104196441845900e+00 1.527529047664571982e+00 1.492117885369935282e+00 1.406432649949397318e+00 1.275232874014998963e+00 1.102593959086948683e+00 8.920295161526826666e-01 6.466572251166957663e-01 3.694451310148614276e-01 6.357204706149117979e-02
-3.923124963093888695e+00 -2.757640235245369720e+00 -1.773979421802319045e+00 -9.532279470514808395e-01 -2.802228763820278634e-01 2.605149224985470746e-01 6.844621809760490505e-01 1.006035503151308630e+00 1.237917806728270786e+00 1.390900380569494832e+00 1.474051825206792676e+00 1.495005145750931019e+00 1.460232711031365316e+00 1.375258886442890516e+00 1.244812279009401168e+00 1.072945477454220198e+00 8.631597670928412569e-01 6.185736332639573121e-01 3.421716052723003942e-01 3.716704543688090917e-02
-3.858725464665450300e+00 -2.699726851224853785e+00 -1.723222166739427186e+00 -9.093036890730178401e-01 -2.422593855615588487e-01 2.935910086086353510e-01 7.137143345491404611e-01 1.032413811711309970e+00 1.262224336882443954e+00 1.413791587207038347e+00 1.496056941672714080e+00 1.516548875106005445e+00 1.481656732156966916e+00 1.396839951802885560e+00 1.266776003874137135e+00 1.095475219307289194e+00 8.863998757672186812e-01 6.426261489596364340e-01 3.670853226703106875e-01 6.291769548239976861e-02
-3.870154370775327202e+00 -2.716631192017644025e+00 -1.745064435199086716e+00 -9.350615241165258773e-01 -2.708496191775298656e-01 2.631054871460995481e-01 6.820650876857715650e-01 1.000144036595502550e+00 1.229731945316317354e+00 1.381370482930101895e+00 1.463926690221573512e+00 1.484872964595655986e+00 1.450553288591993173e+00 1.366388966441162367e+00 1.237026072228978757e+00 1.066451618367129761e+00 8.581148929280442150e-01 6.150919554492078056e-01 3.403293220453337264e-01 3.700020143280259577e-02
-3.880789932692927380e+00 -2.732745306880494773e+00 -1.766138980741781550e+00 -9.600954566132926526e-01 -2.987727967138893437e-01 2.332262507487691539e-01 6.509637427882196681e-01 9.683691687641957646e-01 1.197687439115167063e+00 1.349355575423490938e+00 1.432165324203312329e+00 1.453532220564111910e+00 1.419754435566032535e+00 1.336215009332010206e+00 1.207528723053359565e+00 1.037659503826844576e+00 8.300439222129800676e-01 5.877581601737315031e-01 3.137641229532612819e-01 1.126798597883312512e-02
-3.812614793110644662e+00 -2.671549564154803047e+00 -1.712386447292991942e+00 -9.133900834734901553e-01 -2.582206881163915391e-01 2.687055239810041685e-01 6.824400325902247877e-01 9.968018832417094854e-01 1.223890590230094277e+00 1.373998924858572668e+00 1.455791705362524890e+00 1.476579579693083621e+00 1.442576989273425037e+00 1.359101130715299810e+00 1.230714544839528246e+00 1.061337588960670431e+00 8.543662768863768964e-01 6.128326785995055204e-01 3.396433886310178951e-01 3.792916087666266256e-02
