4.840523646826788151e-01
2.601131335240450260e-01
1.095391477183232237e-01
2.599218970812565074e-02
-1.429017348679696318e-03
1.575742304453773418e-02
1.020102210008228399e-01
1.922974856001776478e-01
2.955234307504350788e-01
4.033083770777245447e-01
5.114645939583786216e-01
6.089091920811509073e-01
6.759363996861378343e-01
5.328586437006948007e-01
5.328586437006948007e-01
5.328586437006948007e-01
5.328586437006948007e-01
5.328586437006948007e-01
5.328586437006948007e-01
5.328586437006948007e-01
5.328586437006948007e-01
5.328586437006948007e-01
5.328586437006948007e-01
5.328586437006948007e-01
5.328586437006948007e-01
5.328586437006948007e-01
5.657332663626276625e-01
5.657332663626276625e-01
5.657332663626276625e-01
5.657332663626276625e-01
5.657332663626276625e-01
5.657332663626276625e-01
5.657332663626276625e-01
5.657332663626276625e-01
5.657332663626276625e-01
5.657332663626276625e-01
5.657332663626276625e-01
5.657332663626276625e-01
5.657332663626276625e-01
4.341784309564269972e-01
4.341784309564269972e-01
4.341784309564269972e-01
4.341784309564269972e-01
4.341784309564269972e-01
4.341784309564269972e-01
4.341784309564269972e-01
4.341784309564269972e-01
4.341784309564269972e-01
4.341784309564269972e-01
4.341784309564269972e-01
4.341784309564269972e-01
4.341784309564269972e-01
4.621394650857599817e-01
4.621394650857599817e-01
4.621394650857599817e-01
4.621394650857599817e-01
4.621394650857599817e-01
4.621394650857599817e-01
4.621394650857599817e-01
4.621394650857599817e-01
4.621394650857599817e-01
4.621394650857599817e-01
4.621394650857599817e-01
4.621394650857599817e-01
4.621394650857599817e-01
3.431375586507198761e-01
3.431375586507198761e-01
3.431375586507198761e-01
3.431375586507198761e-01
3.431375586507198761e-01
3.431375586507198761e-01
3.431375586507198761e-01
3.431375586507198761e-01
3.431375586507198761e-01
3.431375586507198761e-01
3.431375586507198761e-01
3.431375586507198761e-01
3.431375586507198761e-01
3.665194501992227738e-01
3.695788936203311947e-01
3.695788936203311947e-01
3.695788936203311947e-01
3.695788936203311947e-01
3.695788936203311947e-01
3.695788936203311947e-01
3.695788936203311947e-01
3.695788936203311947e-01
3.695788936203311947e-01
3.695788936203311947e-01
3.695788936203311947e-01
3.695788936203311947e-01
2.629123932168988542e-01
2.608155871205220522e-01
2.608155871205220522e-01
2.608155871205220522e-01
2.608155871205220522e-01
2.608155871205220522e-01
2.608155871205220522e-01
2.608155871205220522e-01
2.608155871205220522e-01
2.608155871205220522e-01
2.608155871205220522e-01
2.608155871205220522e-01
2.608155871205220522e-01
2.799137514618008638e-01
2.799137514618008638e-01
2.799137514618008638e-01
2.799137514618008638e-01
2.799137514618008638e-01
2.799137514618008638e-01
2.799137514618008638e-01
2.799137514618008638e-01
2.799137514618008638e-01
2.799137514618008638e-01
2.799137514618008638e-01
2.799137514618008638e-01
2.799137514618008638e-01
1.873624594818733280e-01
1.873624594818733280e-01
1.873624594818733280e-01
1.873624594818733280e-01
1.873624594818733280e-01
1.873624594818733280e-01
1.873624594818733280e-01
1.873624594818733280e-01
1.873624594818733280e-01
1.873624594818733280e-01
1.873624594818733280e-01
1.873624594818733280e-01
1.873624594818733280e-01
2.020355605264770038e-01
2.020355605264770038e-01
2.020355605264770038e-01
2.020355605264770038e-01
2.020355605264770038e-01
2.020355605264770038e-01
2.020355605264770038e-01
2.020355605264770038e-01
2.020355605264770038e-01
2.020355605264770038e-01
2.020355605264770038e-01
2.020355605264770038e-01
2.020355605264770038e-01
1.243828287523744830e-01
1.243828287523744830e-01
1.243828287523744830e-01
1.243828287523744830e-01
1.243828287523744830e-01
1.243828287523744830e-01
1.243828287523744830e-01
1.243828287523744830e-01
1.243828287523744830e-01
1.243828287523744830e-01
1.243828287523744830e-01
1.243828287523744830e-01
1.243828287523744830e-01
1.352558467565904698e-01
1.352558467565904698e-01
1.352558467565904698e-01
1.352558467565904698e-01
1.352558467565904698e-01
1.352558467565904698e-01
1.352558467565904698e-01
1.352558467565904698e-01
1.352558467565904698e-01
1.352558467565904698e-01
1.352558467565904698e-01
1.352558467565904698e-01
1.352558467565904698e-01
7.254795975443122102e-02
7.254795975443122102e-02
7.254795975443122102e-02
7.254795975443122102e-02
7.254795975443122102e-02
7.254795975443122102e-02
7.254795975443122102e-02
7.254795975443122102e-02
7.254795975443122102e-02
7.254795975443122102e-02
7.254795975443122102e-02
7.254795975443122102e-02
7.254795975443122102e-02
7.982429566032765711e-02
7.982429566032765711e-02
7.982429566032765711e-02
7.982429566032765711e-02
7.982429566032765711e-02
7.982429566032765711e-02
7.982429566032765711e-02
7.982429566032765711e-02
7.982429566032765711e-02
7.982429566032765711e-02
7.982429566032765711e-02
7.982429566032765711e-02
7.982429566032765711e-02
3.310236725177743977e-02
3.310236725177743977e-02
3.310236725177743977e-02
3.310236725177743977e-02
3.310236725177743977e-02
3.310236725177743977e-02
3.310236725177743977e-02
3.310236725177743977e-02
3.310236725177743977e-02
3.310236725177743977e-02
3.310236725177743977e-02
3.310236725177743977e-02
3.310236725177743977e-02
3.729979095767554237e-02
3.729979095767554237e-02
3.729979095767554237e-02
3.729979095767554237e-02
3.729979095767554237e-02
3.729979095767554237e-02
3.729979095767554237e-02
3.729979095767554237e-02
3.729979095767554237e-02
3.729979095767554237e-02
3.729979095767554237e-02
3.729979095767554237e-02
3.729979095767554237e-02
8.062462181262367369e-03
8.062462181262367369e-03
8.062462181262367369e-03
8.062462181262367369e-03
8.062462181262367369e-03
8.062462181262367369e-03
8.062462181262367369e-03
8.062462181262367369e-03
8.062462181262367369e-03
8.062462181262367369e-03
8.062462181262367369e-03
8.062462181262367369e-03
8.062462181262367369e-03
9.817176861778196054e-03
9.817176861778196054e-03
9.817176861778196054e-03
9.817176861778196054e-03
9.817176861778196054e-03
9.817176861778196054e-03
9.817176861778196054e-03
9.817176861778196054e-03
9.817176861778196054e-03
9.817176861778196054e-03
9.817176861778196054e-03
9.817176861778196054e-03
9.817176861778196054e-03
0.000000000000000000e+00
0.000000000000000000e+00
0.000000000000000000e+00
0.000000000000000000e+00
0.000000000000000000e+00
0.000000000000000000e+00
0.000000000000000000e+00
0.000000000000000000e+00
0.000000000000000000e+00
0.000000000000000000e+00
0.000000000000000000e+00
0.000000000000000000e+00
0.000000000000000000e+00
