# # XY coordinates calculated for a certain perimeters [dimensionless perim, dimensionless x_c, dimesnionless y_c]
0.000000000000000000e+00 9.995000000000000551e-01 -5.346411523892558834e-05
1.000000000000000021e-03 9.995000000000000551e-01 -5.346411523892558834e-05
2.000000000000000042e-03 9.985000000000000542e-01 -1.605168903501502480e-04
3.000000000000000062e-03 9.975000000000000533e-01 -2.678131940056565296e-04
4.000000000000000083e-03 9.965000000000000524e-01 -3.753419047605136439e-04
5.000000000000000104e-03 9.955000000000000515e-01 -4.830919011697906457e-04
6.000000000000000125e-03 9.945000000000000506e-01 -5.910520617885570236e-04
7.000000000000000146e-03 9.935000000000000497e-01 -6.992112651718817781e-04
8.000000000000000167e-03 9.925000000000000488e-01 -8.075583898748341267e-04
9.000000000000001055e-03 9.915000000000000480e-01 -9.160823144524831785e-04
1.000000000000000021e-02 9.905000000000000471e-01 -1.024771917459898259e-03
1.099999999999999936e-02 9.895000000000000462e-01 -1.133616077452148478e-03
1.200000000000000025e-02 9.885000000000000453e-01 -1.242603672984303595e-03
1.300000000000000114e-02 9.875000000000000444e-01 -1.351723582611432176e-03
1.400000000000000029e-02 9.865000000000000435e-01 -1.460964684888603655e-03
1.499999999999999944e-02 9.855000000000000426e-01 -1.570315858370887252e-03
1.600000000000000033e-02 9.845000000000000417e-01 -1.679765981613351748e-03
1.700000000000000122e-02 9.835000000000000409e-01 -1.789303933171066795e-03
1.800000000000000211e-02 9.825000000000000400e-01 -1.898918591599101612e-03
1.899999999999999953e-02 9.815000000000000391e-01 -2.008598835452525197e-03
2.000000000000000042e-02 9.805000000000000382e-01 -2.118333543286407203e-03
2.100000000000000130e-02 9.795000000000000373e-01 -2.228111593655816847e-03
2.199999999999999872e-02 9.785000000000000364e-01 -2.337921951631015492e-03
2.299999999999999961e-02 9.775000000000000355e-01 -2.447757239640998075e-03
2.400000000000000050e-02 9.765000000000000346e-01 -2.557618413395155131e-03
2.500000000000000139e-02 9.755000000000000338e-01 -2.667511522085521530e-03
2.600000000000000228e-02 9.745000000000000329e-01 -2.777442945949922318e-03
2.699999999999999969e-02 9.735000000000000320e-01 -2.887419065226180803e-03
2.800000000000000058e-02 9.725000000000000311e-01 -2.997446260152121164e-03
2.900000000000000147e-02 9.715000000000000302e-01 -3.107530910965565843e-03
2.999999999999999889e-02 9.705000000000000293e-01 -3.217679397904339017e-03
3.099999999999999978e-02 9.695000000000000284e-01 -3.327898101206264864e-03
3.200000000000000067e-02 9.685000000000000275e-01 -3.438193401109167994e-03
3.300000000000000155e-02 9.675000000000000266e-01 -3.548571677850869549e-03
3.400000000000000244e-02 9.665000000000000258e-01 -3.659039311669195008e-03
3.500000000000000333e-02 9.655000000000000249e-01 -3.769602682801968113e-03
3.600000000000000422e-02 9.645000000000000240e-01 -3.880268171487012176e-03
3.699999999999999817e-02 9.635000000000000231e-01 -3.991041680785497280e-03
3.799999999999999906e-02 9.625000000000000222e-01 -4.101924874344190647e-03
3.899999999999999994e-02 9.615000000000000213e-01 -4.212913870508580572e-03
4.000000000000000083e-02 9.605000000000000204e-01 -4.324002993853733219e-03
4.100000000000000172e-02 9.595000000000000195e-01 -4.435186558247821917e-03
4.200000000000000261e-02 9.585000000000000187e-01 -4.546458877559017391e-03
4.300000000000000350e-02 9.575000000000000178e-01 -4.657814265655495570e-03
4.399999999999999745e-02 9.565000000000000169e-01 -4.769247036405428047e-03
4.499999999999999833e-02 9.555000000000000160e-01 -4.880751503676988151e-03
4.599999999999999922e-02 9.545000000000000151e-01 -4.992321981338349209e-03
4.700000000000000011e-02 9.535000000000000142e-01 -5.103952783257684547e-03
4.800000000000000100e-02 9.525000000000000133e-01 -5.215638223303165760e-03
4.900000000000000189e-02 9.515000000000000124e-01 -5.327372615342967910e-03
5.000000000000000278e-02 9.505000000000000115e-01 -5.439150273245261721e-03
5.100000000000000366e-02 9.495000000000000107e-01 -5.550965510878221390e-03
5.200000000000000455e-02 9.485000000000000098e-01 -5.662812642110021111e-03
5.299999999999999850e-02 9.475000000000000089e-01 -5.774686350241244222e-03
5.399999999999999939e-02 9.465000000000000080e-01 -5.886584332348104159e-03
5.500000000000000028e-02 9.455000000000000071e-01 -5.998508082219914522e-03
5.600000000000000117e-02 9.445000000000000062e-01 -6.110460250783933400e-03
5.700000000000000205e-02 9.435000000000000053e-01 -6.222443493735462482e-03
5.800000000000000294e-02 9.425000000000000044e-01 -6.334460466769808659e-03
5.900000000000000383e-02 9.415000000000000036e-01 -6.446513825582277091e-03
5.999999999999999778e-02 9.405000000000000027e-01 -6.558606225868174669e-03
6.099999999999999867e-02 9.395000000000000018e-01 -6.670740323322805684e-03
6.199999999999999956e-02 9.385000000000000009e-01 -6.782918773641474428e-03
6.300000000000000044e-02 9.375000000000000000e-01 -6.895144232519488658e-03
6.400000000000000133e-02 9.364999999999999991e-01 -7.007419355652150066e-03
6.500000000000000222e-02 9.354999999999999982e-01 -7.119746798734765542e-03
6.600000000000000311e-02 9.344999999999999973e-01 -7.232129217462641979e-03
6.700000000000000400e-02 9.334999999999999964e-01 -7.344569267531082801e-03
6.800000000000000488e-02 9.324999999999999956e-01 -7.457069604635394033e-03
6.900000000000000577e-02 9.314999999999999947e-01 -7.569632884470881701e-03
7.000000000000000666e-02 9.304999999999999938e-01 -7.682261706403270204e-03
7.100000000000000755e-02 9.294999999999999929e-01 -7.794957431906413339e-03
7.200000000000000844e-02 9.284999999999999920e-01 -7.907719119402505797e-03
7.299999999999999545e-02 9.274999999999999911e-01 -8.020544661519626514e-03
7.399999999999999634e-02 9.264999999999999902e-01 -8.133431906581115728e-03
7.499999999999999722e-02 9.254999999999999893e-01 -8.246378702910315411e-03
7.599999999999999811e-02 9.244999999999999885e-01 -8.359382898830565803e-03
7.699999999999999900e-02 9.234999999999999876e-01 -8.472442342665208875e-03
7.799999999999999989e-02 9.224999999999999867e-01 -8.585554882737583132e-03
7.900000000000000078e-02 9.214999999999999858e-01 -8.698718367371030546e-03
8.000000000000000167e-02 9.204999999999999849e-01 -8.811930644888887887e-03
8.100000000000000255e-02 9.194999999999999840e-01 -8.925189563614505800e-03
8.200000000000000344e-02 9.184999999999999831e-01 -9.038492971871217585e-03
8.300000000000000433e-02 9.184999999999999831e-01 -9.038492971871217585e-03
8.400000000000000522e-02 9.174999999999999822e-01 -9.151838717982363480e-03
8.500000000000000611e-02 9.164999999999999813e-01 -9.265224650271287193e-03
8.600000000000000699e-02 9.154999999999999805e-01 -9.378648617061332432e-03
8.700000000000000788e-02 9.144999999999999796e-01 -9.492108466675832495e-03
8.799999999999999489e-02 9.134999999999999787e-01 -9.605602047438134561e-03
8.899999999999999578e-02 9.124999999999999778e-01 -9.719127206478130748e-03
8.999999999999999667e-02 9.114999999999999769e-01 -9.832681150141204390e-03
9.099999999999999756e-02 9.104999999999999760e-01 -9.946258753037170303e-03
9.199999999999999845e-02 9.094999999999999751e-01 -1.005985292099285944e-02
9.299999999999999933e-02 9.084999999999999742e-01 -1.017345628319658510e-02
9.400000000000000022e-02 9.074999999999999734e-01 -1.028706146883666753e-02
9.500000000000000111e-02 9.064999999999999725e-01 -1.040066110710142176e-02
9.600000000000000200e-02 9.054999999999999716e-01 -1.051424782717916111e-02
9.700000000000000289e-02 9.044999999999999707e-01 -1.062781425825820233e-02
9.800000000000000377e-02 9.034999999999999698e-01 -1.074135302952686569e-02
9.900000000000000466e-02 9.024999999999999689e-01 -1.085485677017346273e-02
1.000000000000000056e-01 9.014999999999999680e-01 -1.096831810938631371e-02
1.010000000000000064e-01 9.004999999999999671e-01 -1.108172967635373367e-02
1.020000000000000073e-01 8.994999999999999662e-01 -1.119508410026404110e-02
1.030000000000000082e-01 8.984999999999999654e-01 -1.130837401030554412e-02
1.040000000000000091e-01 8.974999999999999645e-01 -1.142159203566656470e-02
1.049999999999999961e-01 8.964999999999999636e-01 -1.153473080553541960e-02
1.059999999999999970e-01 8.954999999999999627e-01 -1.164778294910042561e-02
1.069999999999999979e-01 8.944999999999999618e-01 -1.176074109554989776e-02
1.079999999999999988e-01 8.934999999999999609e-01 -1.187359787407215109e-02
1.089999999999999997e-01 8.924999999999999600e-01 -1.198634656809210997e-02
1.100000000000000006e-01 8.914999999999999591e-01 -1.209898373221774889e-02
1.110000000000000014e-01 8.904999999999999583e-01 -1.221150919224008036e-02
1.120000000000000023e-01 8.894999999999999574e-01 -1.232392342818672964e-02
1.130000000000000032e-01 8.884999999999999565e-01 -1.243622692008532551e-02
1.140000000000000041e-01 8.874999999999999556e-01 -1.254842014796348978e-02
1.150000000000000050e-01 8.864999999999999547e-01 -1.266050359184885121e-02
1.160000000000000059e-01 8.854999999999999538e-01 -1.277247773176902988e-02
1.170000000000000068e-01 8.844999999999999529e-01 -1.288434304775165282e-02
1.180000000000000077e-01 8.834999999999999520e-01 -1.299610001982434357e-02
1.190000000000000085e-01 8.824999999999999512e-01 -1.310774912801473090e-02
1.199999999999999956e-01 8.814999999999999503e-01 -1.321929085235043835e-02
1.209999999999999964e-01 8.804999999999999494e-01 -1.333072567285908949e-02
1.219999999999999973e-01 8.794999999999999485e-01 -1.344205406956830787e-02
1.229999999999999982e-01 8.784999999999999476e-01 -1.355327652250572397e-02
1.239999999999999991e-01 8.774999999999999467e-01 -1.366439351169895962e-02
1.250000000000000000e-01 8.764999999999999458e-01 -1.377540551717564010e-02
1.260000000000000009e-01 8.754999999999999449e-01 -1.388631301896339071e-02
1.270000000000000018e-01 8.744999999999999440e-01 -1.399711649708983673e-02
1.280000000000000027e-01 8.734999999999999432e-01 -1.410781645378738139e-02
1.290000000000000036e-01 8.724999999999999423e-01 -1.421841432997720395e-02
1.300000000000000044e-01 8.714999999999999414e-01 -1.432891370537991982e-02
1.310000000000000053e-01 8.704999999999999405e-01 -1.443931946699698182e-02
1.320000000000000062e-01 8.694999999999999396e-01 -1.454963658679524902e-02
1.330000000000000071e-01 8.684999999999999387e-01 -1.465987003674158046e-02
1.340000000000000080e-01 8.674999999999999378e-01 -1.477002478880283347e-02
1.350000000000000089e-01 8.664999999999999369e-01 -1.488010581494586537e-02
1.360000000000000098e-01 8.654999999999999361e-01 -1.499011808713753176e-02
1.370000000000000107e-01 8.644999999999999352e-01 -1.510006657734470209e-02
1.380000000000000115e-01 8.634999999999999343e-01 -1.520995625753422328e-02
1.390000000000000124e-01 8.624999999999999334e-01 -1.531979209967295960e-02
1.400000000000000133e-01 8.614999999999999325e-01 -1.542957907572777010e-02
1.410000000000000142e-01 8.604999999999999316e-01 -1.553932215766550863e-02
1.420000000000000151e-01 8.594999999999999307e-01 -1.564902631745303946e-02
1.430000000000000160e-01 8.584999999999999298e-01 -1.575869652705721990e-02
1.440000000000000169e-01 8.574999999999999289e-01 -1.586833775844490035e-02
1.449999999999999900e-01 8.564999999999999281e-01 -1.597795498358295374e-02
1.459999999999999909e-01 8.554999999999999272e-01 -1.608755317443822525e-02
1.469999999999999918e-01 8.544999999999999263e-01 -1.619713730297757392e-02
1.479999999999999927e-01 8.534999999999999254e-01 -1.630671232380321439e-02
1.489999999999999936e-01 8.524999999999999245e-01 -1.641628271232986949e-02
1.499999999999999944e-01 8.514999999999999236e-01 -1.652585198272195008e-02
1.509999999999999953e-01 8.504999999999999227e-01 -1.663542312481628219e-02
1.519999999999999962e-01 8.494999999999999218e-01 -1.674499910354963761e-02
1.529999999999999971e-01 8.484999999999999210e-01 -1.685458288385879855e-02
1.539999999999999980e-01 8.474999999999999201e-01 -1.696417743068052986e-02
1.549999999999999989e-01 8.464999999999999192e-01 -1.707378570895161374e-02
1.559999999999999998e-01 8.454999999999999183e-01 -1.718341068360881851e-02
1.570000000000000007e-01 8.444999999999999174e-01 -1.729305531958892639e-02
1.580000000000000016e-01 8.434999999999999165e-01 -1.740272258182870568e-02
1.590000000000000024e-01 8.424999999999999156e-01 -1.751241543526493513e-02
1.600000000000000033e-01 8.414999999999999147e-01 -1.762213684483438653e-02
1.610000000000000042e-01 8.404999999999999138e-01 -1.773188977547383860e-02
1.620000000000000051e-01 8.394999999999999130e-01 -1.784167719212006314e-02
1.630000000000000060e-01 8.384999999999999121e-01 -1.795150205970983542e-02
1.640000000000000069e-01 8.374999999999999112e-01 -1.806136734317993070e-02
1.650000000000000078e-01 8.364999999999999103e-01 -1.817127600746712424e-02
1.660000000000000087e-01 8.354999999999999094e-01 -1.828123101750818782e-02
1.670000000000000095e-01 8.344999999999999085e-01 -1.839123533823990020e-02
1.680000000000000104e-01 8.334999999999999076e-01 -1.850129194560970469e-02
1.690000000000000113e-01 8.324999999999999067e-01 -1.861140450335289215e-02
1.700000000000000122e-01 8.314999999999999059e-01 -1.872157841037216941e-02
1.710000000000000131e-01 8.304999999999999050e-01 -1.883182021611069096e-02
1.720000000000000140e-01 8.294999999999999041e-01 -1.894213656216177377e-02
1.730000000000000149e-01 8.284999999999999032e-01 -1.905253409011874524e-02
1.740000000000000158e-01 8.274999999999999023e-01 -1.916301944157493622e-02
1.750000000000000167e-01 8.264999999999999014e-01 -1.927359925812367411e-02
1.759999999999999898e-01 8.254999999999999005e-01 -1.938428018135827935e-02
1.769999999999999907e-01 8.244999999999998996e-01 -1.949506885287208974e-02
1.779999999999999916e-01 8.234999999999998987e-01 -1.960597191425841879e-02
1.789999999999999925e-01 8.224999999999998979e-01 -1.971699600711060429e-02
1.799999999999999933e-01 8.214999999999998970e-01 -1.982814777302196324e-02
1.809999999999999942e-01 8.204999999999998961e-01 -1.993943385358583342e-02
1.819999999999999951e-01 8.194999999999998952e-01 -2.005086089039553876e-02
1.829999999999999960e-01 8.184999999999998943e-01 -2.016243552504440317e-02
1.839999999999999969e-01 8.174999999999998934e-01 -2.027416439912575752e-02
1.849999999999999978e-01 8.164999999999998925e-01 -2.038605415423291878e-02
1.859999999999999987e-01 8.154999999999998916e-01 -2.049811143195922475e-02
1.869999999999999996e-01 8.144999999999998908e-01 -2.061034287389799588e-02
1.880000000000000004e-01 8.134999999999998899e-01 -2.072275512112290580e-02
1.890000000000000013e-01 8.124999999999998890e-01 -2.083535353770719217e-02
1.900000000000000022e-01 8.114999999999998881e-01 -2.094813818881216191e-02
1.910000000000000031e-01 8.104999999999998872e-01 -2.106110432682947731e-02
1.920000000000000040e-01 8.094999999999998863e-01 -2.117424641381233236e-02
1.930000000000000049e-01 8.084999999999998854e-01 -2.128755891181388984e-02
1.940000000000000058e-01 8.074999999999998845e-01 -2.140103628288734378e-02
1.950000000000000067e-01 8.064999999999998836e-01 -2.151467298908588122e-02
1.960000000000000075e-01 8.054999999999998828e-01 -2.162846349246267535e-02
1.970000000000000084e-01 8.044999999999998819e-01 -2.174240225507091673e-02
1.980000000000000093e-01 8.034999999999998810e-01 -2.185648373896378199e-02
1.990000000000000102e-01 8.024999999999998801e-01 -2.197070240619445475e-02
2.000000000000000111e-01 8.014999999999998792e-01 -2.208505271881612553e-02
2.010000000000000120e-01 8.004999999999998783e-01 -2.219952913888196752e-02
2.020000000000000129e-01 7.994999999999998774e-01 -2.231412612844516780e-02
2.030000000000000138e-01 7.984999999999998765e-01 -2.242883814955890648e-02
2.040000000000000147e-01 7.974999999999998757e-01 -2.254365966427636370e-02
2.050000000000000155e-01 7.964999999999998748e-01 -2.265858513465072999e-02
2.060000000000000164e-01 7.954999999999998739e-01 -2.277360902273518201e-02
2.070000000000000173e-01 7.944999999999998730e-01 -2.288872579058290682e-02
2.080000000000000182e-01 7.934999999999998721e-01 -2.300392990024708456e-02
2.089999999999999913e-01 7.924999999999998712e-01 -2.311921567250178541e-02
2.099999999999999922e-01 7.914999999999998703e-01 -2.323457636707090476e-02
2.109999999999999931e-01 7.904999999999998694e-01 -2.335000395575168725e-02
2.119999999999999940e-01 7.894999999999998685e-01 -2.346549004120945803e-02
2.129999999999999949e-01 7.884999999999998677e-01 -2.358102622513323643e-02
2.139999999999999958e-01 7.874999999999998668e-01 -2.369660410921201055e-02
2.149999999999999967e-01 7.864999999999998659e-01 -2.381221529513477542e-02
2.159999999999999976e-01 7.854999999999998650e-01 -2.392785138459054342e-02
2.169999999999999984e-01 7.844999999999998641e-01 -2.404350397926830613e-02
2.179999999999999993e-01 7.834999999999998632e-01 -2.415916468085706897e-02
2.190000000000000002e-01 7.824999999999998623e-01 -2.427482509104583741e-02
2.200000000000000011e-01 7.814999999999998614e-01 -2.439047681152360647e-02
2.210000000000000020e-01 7.804999999999998606e-01 -2.450611144397937119e-02
2.220000000000000029e-01 7.794999999999998597e-01 -2.462172059010213701e-02
2.230000000000000038e-01 7.784999999999998588e-01 -2.473729585158090244e-02
2.240000000000000047e-01 7.774999999999998579e-01 -2.485282883010466945e-02
2.250000000000000056e-01 7.764999999999998570e-01 -2.496831112736244349e-02
2.260000000000000064e-01 7.754999999999998561e-01 -2.508373434504321611e-02
2.270000000000000073e-01 7.744999999999998552e-01 -2.519909008483598931e-02
2.280000000000000082e-01 7.734999999999998543e-01 -2.531436994842976851e-02
2.290000000000000091e-01 7.724999999999998535e-01 -2.542956562890402727e-02
2.300000000000000100e-01 7.714999999999998526e-01 -2.554466996039334720e-02
2.310000000000000109e-01 7.704999999999998517e-01 -2.565967749789458893e-02
2.320000000000000118e-01 7.694999999999998508e-01 -2.577458347852216308e-02
2.330000000000000127e-01 7.684999999999998499e-01 -2.588938315031039800e-02
2.340000000000000135e-01 7.674999999999998490e-01 -2.600407176129361161e-02
2.350000000000000144e-01 7.664999999999998481e-01 -2.611864455950611841e-02
2.360000000000000153e-01 7.654999999999998472e-01 -2.623309679298223285e-02
2.370000000000000162e-01 7.644999999999998463e-01 -2.634742370975627287e-02
2.380000000000000171e-01 7.634999999999998455e-01 -2.646162055786255990e-02
2.390000000000000180e-01 7.624999999999998446e-01 -2.657568258533541533e-02
2.399999999999999911e-01 7.614999999999998437e-01 -2.668960504020913976e-02
2.409999999999999920e-01 7.604999999999998428e-01 -2.680338317051806155e-02
2.419999999999999929e-01 7.604999999999998428e-01 -2.680338317051806155e-02
2.429999999999999938e-01 7.594999999999998419e-01 -2.691701222429649862e-02
2.439999999999999947e-01 7.584999999999998410e-01 -2.703048744957876892e-02
2.449999999999999956e-01 7.574999999999998401e-01 -2.714380409439917999e-02
2.459999999999999964e-01 7.564999999999998392e-01 -2.725695740679206017e-02
2.469999999999999973e-01 7.554999999999998384e-01 -2.736994263479172046e-02
2.479999999999999982e-01 7.544999999999998375e-01 -2.748275502643247881e-02
2.489999999999999991e-01 7.534999999999998366e-01 -2.759538982974864968e-02
2.500000000000000000e-01 7.524999999999998357e-01 -2.770784226539494549e-02
2.510000000000000009e-01 7.514999999999998348e-01 -2.782010706402577097e-02
2.520000000000000018e-01 7.504999999999998339e-01 -2.793217810836782361e-02
2.530000000000000027e-01 7.494999999999998330e-01 -2.804404888408614654e-02
2.540000000000000036e-01 7.484999999999998321e-01 -2.815571286509118559e-02
2.550000000000000044e-01 7.474999999999998312e-01 -2.826716352529339699e-02
2.560000000000000053e-01 7.464999999999998304e-01 -2.837839433860322308e-02
2.570000000000000062e-01 7.454999999999998295e-01 -2.848939877893111663e-02
2.580000000000000071e-01 7.444999999999998286e-01 -2.860017032018752695e-02
2.590000000000000080e-01 7.434999999999998277e-01 -2.871070243628289290e-02
2.600000000000000089e-01 7.424999999999998268e-01 -2.882098860112766378e-02
2.610000000000000098e-01 7.414999999999998259e-01 -2.893102228863228542e-02
2.620000000000000107e-01 7.404999999999998250e-01 -2.904079697270721752e-02
2.630000000000000115e-01 7.394999999999998241e-01 -2.915030612726289549e-02
2.640000000000000124e-01 7.384999999999998233e-01 -2.925954322620975823e-02
2.650000000000000133e-01 7.374999999999998224e-01 -2.936850174345827236e-02
2.660000000000000142e-01 7.364999999999998215e-01 -2.947717515291888024e-02
2.670000000000000151e-01 7.354999999999998206e-01 -2.958555692850202770e-02
2.680000000000000160e-01 7.344999999999998197e-01 -2.969364054411816056e-02
2.690000000000000169e-01 7.334999999999998188e-01 -2.980141947367772465e-02
2.700000000000000178e-01 7.324999999999998179e-01 -2.990888725688041136e-02
2.710000000000000187e-01 7.314999999999998170e-01 -3.001603908586086833e-02
2.720000000000000195e-01 7.304999999999998161e-01 -3.012287336798177839e-02
2.730000000000000204e-01 7.294999999999998153e-01 -3.022939021336652071e-02
2.740000000000000213e-01 7.284999999999998144e-01 -3.033558980631681501e-02
2.750000000000000222e-01 7.274999999999998135e-01 -3.044147233113435325e-02
2.760000000000000231e-01 7.264999999999998126e-01 -3.054703797212083433e-02
2.770000000000000240e-01 7.254999999999998117e-01 -3.065228691357798491e-02
2.780000000000000249e-01 7.244999999999998108e-01 -3.075721933980751083e-02
2.790000000000000258e-01 7.234999999999998099e-01 -3.086183543511110752e-02
2.800000000000000266e-01 7.224999999999998090e-01 -3.096613538379049124e-02
2.810000000000000275e-01 7.214999999999998082e-01 -3.107011937014736783e-02
2.820000000000000284e-01 7.204999999999998073e-01 -3.117378757848344312e-02
2.830000000000000293e-01 7.194999999999998064e-01 -3.127714019310042642e-02
2.840000000000000302e-01 7.184999999999998055e-01 -3.138017739830002706e-02
2.850000000000000311e-01 7.174999999999998046e-01 -3.148289937838394392e-02
2.860000000000000320e-01 7.164999999999998037e-01 -3.158530631765389673e-02
2.870000000000000329e-01 7.154999999999998028e-01 -3.168739840041158440e-02
2.880000000000000338e-01 7.144999999999998019e-01 -3.178917581095871969e-02
2.889999999999999791e-01 7.134999999999998010e-01 -3.189063873359701540e-02
2.899999999999999800e-01 7.124999999999998002e-01 -3.199178737352689761e-02
2.909999999999999809e-01 7.114999999999997993e-01 -3.209262334012302070e-02
2.919999999999999818e-01 7.104999999999997984e-01 -3.219315184799500379e-02
2.929999999999999827e-01 7.094999999999997975e-01 -3.229338053424991861e-02
2.939999999999999836e-01 7.084999999999997966e-01 -3.239331723653286754e-02
2.949999999999999845e-01 7.074999999999997957e-01 -3.249296979248894601e-02
2.959999999999999853e-01 7.064999999999997948e-01 -3.259234603976322864e-02
2.969999999999999862e-01 7.054999999999997939e-01 -3.269145381600081779e-02
2.979999999999999871e-01 7.044999999999997931e-01 -3.279030095884678808e-02
2.989999999999999880e-01 7.034999999999997922e-01 -3.288889530594623495e-02
2.999999999999999889e-01 7.024999999999997913e-01 -3.298724469494426076e-02
3.009999999999999898e-01 7.014999999999997904e-01 -3.308535696348595401e-02
3.019999999999999907e-01 7.004999999999997895e-01 -3.318323994921638931e-02
3.029999999999999916e-01 6.994999999999997886e-01 -3.328090148978066209e-02
3.039999999999999925e-01 6.984999999999997877e-01 -3.337834942282387474e-02
3.049999999999999933e-01 6.974999999999997868e-01 -3.347559158599110185e-02
3.059999999999999942e-01 6.964999999999997859e-01 -3.357263581692743887e-02
3.069999999999999951e-01 6.954999999999997851e-01 -3.366948995327798122e-02
3.079999999999999960e-01 6.944999999999997842e-01 -3.376616183268781046e-02
3.089999999999999969e-01 6.934999999999997833e-01 -3.386265929280203590e-02
3.099999999999999978e-01 6.924999999999997824e-01 -3.395899017126571828e-02
3.109999999999999987e-01 6.914999999999997815e-01 -3.405516166824276714e-02
3.119999999999999996e-01 6.904999999999997806e-01 -3.415117755622268381e-02
3.130000000000000004e-01 6.894999999999997797e-01 -3.424703805433236548e-02
3.140000000000000013e-01 6.884999999999997788e-01 -3.434274261851051613e-02
3.150000000000000022e-01 6.874999999999997780e-01 -3.443829070467699371e-02
3.160000000000000031e-01 6.864999999999997771e-01 -3.453368176875162843e-02
3.170000000000000040e-01 6.854999999999997762e-01 -3.462891526665427822e-02
3.180000000000000049e-01 6.844999999999997753e-01 -3.472399065430477327e-02
3.190000000000000058e-01 6.834999999999997744e-01 -3.481890738762297155e-02
3.200000000000000067e-01 6.824999999999997735e-01 -3.491366492252869630e-02
3.210000000000000075e-01 6.814999999999997726e-01 -3.500826271494181241e-02
3.220000000000000084e-01 6.804999999999997717e-01 -3.510270022078215008e-02
3.230000000000000093e-01 6.794999999999997708e-01 -3.519697689596956725e-02
3.240000000000000102e-01 6.784999999999997700e-01 -3.529109219642388717e-02
3.250000000000000111e-01 6.774999999999997691e-01 -3.538504557806497475e-02
3.260000000000000120e-01 6.764999999999997682e-01 -3.547883649681267404e-02
3.270000000000000129e-01 6.754999999999997673e-01 -3.557246440858680830e-02
3.280000000000000138e-01 6.744999999999997664e-01 -3.566592876930724243e-02
3.290000000000000147e-01 6.734999999999997655e-01 -3.575922903489381355e-02
3.300000000000000155e-01 6.724999999999997646e-01 -3.585236466126635879e-02
3.310000000000000164e-01 6.714999999999997637e-01 -3.594533517501480313e-02
3.320000000000000173e-01 6.704999999999997629e-01 -3.603814225501589252e-02
3.330000000000000182e-01 6.694999999999997620e-01 -3.613079203362155878e-02
3.340000000000000191e-01 6.684999999999997611e-01 -3.622329314407083528e-02
3.350000000000000200e-01 6.674999999999997602e-01 -3.631565434863136266e-02
3.360000000000000209e-01 6.664999999999997593e-01 -3.640788440957082317e-02
3.370000000000000218e-01 6.654999999999997584e-01 -3.649999208915687132e-02
3.380000000000000226e-01 6.644999999999997575e-01 -3.659198614965718244e-02
3.390000000000000235e-01 6.634999999999997566e-01 -3.668387535333940408e-02
3.400000000000000244e-01 6.624999999999997558e-01 -3.677566846247119769e-02
3.410000000000000253e-01 6.614999999999997549e-01 -3.686737423932022473e-02
3.420000000000000262e-01 6.604999999999997540e-01 -3.695900144615416050e-02
3.430000000000000271e-01 6.594999999999997531e-01 -3.705055884524066645e-02
3.440000000000000280e-01 6.584999999999997522e-01 -3.714205519884740403e-02
3.450000000000000289e-01 6.574999999999997513e-01 -3.723349926924202080e-02
3.460000000000000298e-01 6.564999999999997504e-01 -3.732489981869217821e-02
3.470000000000000306e-01 6.554999999999997495e-01 -3.741626560946556546e-02
3.480000000000000315e-01 6.544999999999997486e-01 -3.750760540382983704e-02
3.490000000000000324e-01 6.534999999999997478e-01 -3.759892796405263360e-02
3.500000000000000333e-01 6.524999999999997469e-01 -3.769024205240163738e-02
3.510000000000000342e-01 6.514999999999997460e-01 -3.778155643114450291e-02
3.519999999999999796e-01 6.504999999999997451e-01 -3.787287954048358662e-02
3.529999999999999805e-01 6.494999999999997442e-01 -3.796421752854445275e-02
3.539999999999999813e-01 6.484999999999997433e-01 -3.805557382882289452e-02
3.549999999999999822e-01 6.474999999999997424e-01 -3.814695112880696348e-02
3.559999999999999831e-01 6.464999999999997415e-01 -3.823835211459532257e-02
3.569999999999999840e-01 6.454999999999997407e-01 -3.832977947228660698e-02
3.579999999999999849e-01 6.444999999999997398e-01 -3.842123588797946576e-02
3.589999999999999858e-01 6.434999999999997389e-01 -3.851272404777256186e-02
3.599999999999999867e-01 6.424999999999997380e-01 -3.860424663776452353e-02
3.609999999999999876e-01 6.414999999999997371e-01 -3.869580634405399983e-02
3.619999999999999885e-01 6.404999999999997362e-01 -3.878740585273963981e-02
3.629999999999999893e-01 6.394999999999997353e-01 -3.887904784992009949e-02
3.639999999999999902e-01 6.384999999999997344e-01 -3.897073502169400711e-02
3.649999999999999911e-01 6.374999999999997335e-01 -3.906247005416002560e-02
3.659999999999999920e-01 6.364999999999997327e-01 -3.915425563341679016e-02
3.669999999999999929e-01 6.354999999999997318e-01 -3.924609444556295679e-02
3.679999999999999938e-01 6.344999999999997309e-01 -3.933798917669716760e-02
3.689999999999999947e-01 6.334999999999997300e-01 -3.942994251291806473e-02
3.699999999999999956e-01 6.324999999999997291e-01 -3.952195714032430418e-02
3.709999999999999964e-01 6.314999999999997282e-01 -3.961403574501452807e-02
3.719999999999999973e-01 6.304999999999997273e-01 -3.970618102765308133e-02
3.729999999999999982e-01 6.294999999999997264e-01 -3.979839648105676364e-02
3.739999999999999991e-01 6.284999999999997256e-01 -3.989068752852660549e-02
3.750000000000000000e-01 6.274999999999997247e-01 -3.998306083955788931e-02
3.760000000000000009e-01 6.264999999999997238e-01 -4.007552317694267063e-02
3.770000000000000018e-01 6.254999999999997229e-01 -4.016808130347303274e-02
3.780000000000000027e-01 6.244999999999997220e-01 -4.026074198194104503e-02
3.790000000000000036e-01 6.234999999999997211e-01 -4.035351197513881161e-02
3.800000000000000044e-01 6.224999999999997202e-01 -4.044639804585840881e-02
3.810000000000000053e-01 6.214999999999997193e-01 -4.053940695689189910e-02
3.820000000000000062e-01 6.204999999999997184e-01 -4.063254547103135883e-02
3.830000000000000071e-01 6.194999999999997176e-01 -4.072582035106887821e-02
3.840000000000000080e-01 6.184999999999997167e-01 -4.081923835979654747e-02
3.850000000000000089e-01 6.174999999999997158e-01 -4.091280626000643600e-02
3.860000000000000098e-01 6.164999999999997149e-01 -4.100653081449062709e-02
3.870000000000000107e-01 6.154999999999997140e-01 -4.110041878604119014e-02
3.880000000000000115e-01 6.144999999999997131e-01 -4.119447693745021538e-02
3.890000000000000124e-01 6.134999999999997122e-01 -4.128871203150977220e-02
3.900000000000000133e-01 6.124999999999997113e-01 -4.138313083101195777e-02
3.910000000000000142e-01 6.114999999999997105e-01 -4.147774009874884149e-02
3.920000000000000151e-01 6.104999999999997096e-01 -4.157254659751249970e-02
3.930000000000000160e-01 6.094999999999997087e-01 -4.166755686032156542e-02
3.940000000000000169e-01 6.084999999999997078e-01 -4.176277627132743420e-02
3.950000000000000178e-01 6.074999999999997069e-01 -4.185820906581426415e-02
3.960000000000000187e-01 6.064999999999997060e-01 -4.195385924929277699e-02
3.970000000000000195e-01 6.054999999999997051e-01 -4.204973082727366668e-02
3.980000000000000204e-01 6.044999999999997042e-01 -4.214582780526764105e-02
3.990000000000000213e-01 6.034999999999997033e-01 -4.224215418878542183e-02
4.000000000000000222e-01 6.024999999999997025e-01 -4.233871398333770297e-02
4.010000000000000231e-01 6.014999999999997016e-01 -4.243551119443520619e-02
4.020000000000000240e-01 6.004999999999997007e-01 -4.253254982758865321e-02
4.030000000000000249e-01 5.994999999999996998e-01 -4.262983388830873105e-02
4.040000000000000258e-01 5.984999999999996989e-01 -4.272736738210615448e-02
4.050000000000000266e-01 5.974999999999996980e-01 -4.282515431449163135e-02
4.060000000000000275e-01 5.964999999999996971e-01 -4.292319869097588336e-02
4.070000000000000284e-01 5.954999999999996962e-01 -4.302150451706961143e-02
4.080000000000000293e-01 5.944999999999996954e-01 -4.312007579828352338e-02
4.090000000000000302e-01 5.934999999999996945e-01 -4.321891654012833400e-02
4.100000000000000311e-01 5.924999999999996936e-01 -4.331803074811475807e-02
4.110000000000000320e-01 5.914999999999996927e-01 -4.341742242775348259e-02
4.120000000000000329e-01 5.904999999999996918e-01 -4.351709558455524318e-02
4.130000000000000338e-01 5.894999999999996909e-01 -4.361705354059693812e-02
4.140000000000000346e-01 5.884999999999996900e-01 -4.371729488148086429e-02
4.150000000000000355e-01 5.874999999999996891e-01 -4.381781265136441839e-02
4.160000000000000364e-01 5.864999999999996882e-01 -4.391859840372069890e-02
4.169999999999999818e-01 5.854999999999996874e-01 -4.401964368974264907e-02
4.179999999999999827e-01 5.844999999999996865e-01 -4.412094006062320523e-02
4.189999999999999836e-01 5.834999999999996856e-01 -4.422247906755529673e-02
4.199999999999999845e-01 5.824999999999996847e-01 -4.432425226173185295e-02
4.209999999999999853e-01 5.814999999999996838e-01 -4.442625119434581021e-02
4.219999999999999862e-01 5.804999999999996829e-01 -4.452846741659010482e-02
4.229999999999999871e-01 5.794999999999996820e-01 -4.463089247965766615e-02
4.239999999999999880e-01 5.784999999999996811e-01 -4.473351793474142357e-02
4.249999999999999889e-01 5.774999999999996803e-01 -4.483633533303432034e-02
4.259999999999999898e-01 5.764999999999996794e-01 -4.493933622572929276e-02
4.269999999999999907e-01 5.754999999999996785e-01 -4.504251216401926328e-02
4.279999999999999916e-01 5.744999999999996776e-01 -4.514585469909716819e-02
4.289999999999999925e-01 5.734999999999996767e-01 -4.524935538215594383e-02
4.299999999999999933e-01 5.724999999999996758e-01 -4.535300576438851955e-02
4.309999999999999942e-01 5.714999999999996749e-01 -4.545679739698783861e-02
4.319999999999999951e-01 5.704999999999996740e-01 -4.556072183114682345e-02
4.329999999999999960e-01 5.694999999999996732e-01 -4.566477041584664914e-02
4.339999999999999969e-01 5.684999999999996723e-01 -4.576893329940692756e-02
4.349999999999999978e-01 5.674999999999996714e-01 -4.587319932407205036e-02
4.359999999999999987e-01 5.664999999999996705e-01 -4.597755702437472669e-02
4.369999999999999996e-01 5.654999999999996696e-01 -4.608199493476143604e-02
4.380000000000000004e-01 5.644999999999996687e-01 -4.618650158967869956e-02
4.390000000000000013e-01 5.634999999999996678e-01 -4.629106552357301063e-02
4.400000000000000022e-01 5.624999999999996669e-01 -4.639567527089084181e-02
4.410000000000000031e-01 5.614999999999996660e-01 -4.650031936607870037e-02
4.420000000000000040e-01 5.604999999999996652e-01 -4.660498634358307968e-02
4.430000000000000049e-01 5.594999999999996643e-01 -4.670966473785047313e-02
4.440000000000000058e-01 5.584999999999996634e-01 -4.681434308332738103e-02
4.450000000000000067e-01 5.574999999999996625e-01 -4.691900991446028985e-02
4.460000000000000075e-01 5.564999999999996616e-01 -4.702365376569568600e-02
4.470000000000000084e-01 5.564999999999996616e-01 -4.702365376569568600e-02
4.480000000000000093e-01 5.554999999999996607e-01 -4.712826317148007677e-02
4.490000000000000102e-01 5.544999999999996598e-01 -4.723282666625996246e-02
4.500000000000000111e-01 5.534999999999996589e-01 -4.733733278448182258e-02
4.510000000000000120e-01 5.524999999999996581e-01 -4.744177006059215745e-02
4.520000000000000129e-01 5.514999999999996572e-01 -4.754612702903744659e-02
4.530000000000000138e-01 5.504999999999996563e-01 -4.765039222428774091e-02
4.540000000000000147e-01 5.494999999999996554e-01 -4.775455419987197081e-02
4.550000000000000155e-01 5.484999999999996545e-01 -4.785860158171265089e-02
4.560000000000000164e-01 5.474999999999996536e-01 -4.796252305836946894e-02
4.570000000000000173e-01 5.464999999999996527e-01 -4.806630732768096825e-02
4.580000000000000182e-01 5.454999999999996518e-01 -4.816994308748572678e-02
4.590000000000000191e-01 5.444999999999996509e-01 -4.827341903562232250e-02
4.600000000000000200e-01 5.434999999999996501e-01 -4.837672386992934725e-02
4.610000000000000209e-01 5.424999999999996492e-01 -4.847984628824535819e-02
4.620000000000000218e-01 5.414999999999996483e-01 -4.858277498840891939e-02
4.630000000000000226e-01 5.404999999999996474e-01 -4.868549866825863659e-02
4.640000000000000235e-01 5.394999999999996465e-01 -4.878800602563307387e-02
4.650000000000000244e-01 5.384999999999996456e-01 -4.889028575837080226e-02
4.660000000000000253e-01 5.374999999999996447e-01 -4.899232656431039279e-02
4.670000000000000262e-01 5.364999999999996438e-01 -4.909411714129041648e-02
4.680000000000000271e-01 5.354999999999996430e-01 -4.919564618714947213e-02
4.690000000000000280e-01 5.344999999999996421e-01 -4.929690239972610299e-02
4.700000000000000289e-01 5.334999999999996412e-01 -4.939787447685890787e-02
4.710000000000000298e-01 5.324999999999996403e-01 -4.949855111638645777e-02
4.720000000000000306e-01 5.314999999999996394e-01 -4.959892101614733068e-02
4.730000000000000315e-01 5.304999999999996385e-01 -4.969897290396872030e-02
4.740000000000000324e-01 5.294999999999996376e-01 -4.979869677542250739e-02
4.750000000000000333e-01 5.284999999999996367e-01 -4.989808551463282421e-02
4.760000000000000342e-01 5.274999999999996358e-01 -4.999713377126992903e-02
4.770000000000000351e-01 5.264999999999996350e-01 -5.009583630975397717e-02
4.780000000000000360e-01 5.254999999999996341e-01 -5.019418789450509621e-02
4.790000000000000369e-01 5.244999999999996332e-01 -5.029218328994343457e-02
4.799999999999999822e-01 5.234999999999996323e-01 -5.038981726048913368e-02
4.809999999999999831e-01 5.224999999999996314e-01 -5.048708457056234888e-02
4.819999999999999840e-01 5.214999999999996305e-01 -5.058397998458322165e-02
4.829999999999999849e-01 5.204999999999996296e-01 -5.068049826697189342e-02
4.839999999999999858e-01 5.194999999999996287e-01 -5.077663418214850566e-02
4.849999999999999867e-01 5.184999999999996279e-01 -5.087238249453320676e-02
4.859999999999999876e-01 5.174999999999996270e-01 -5.096773796854615901e-02
4.869999999999999885e-01 5.164999999999996261e-01 -5.106269536860748304e-02
4.879999999999999893e-01 5.154999999999996252e-01 -5.115724945913734112e-02
4.889999999999999902e-01 5.144999999999996243e-01 -5.125139500455586083e-02
4.899999999999999911e-01 5.134999999999996234e-01 -5.134512676928321140e-02
4.909999999999999920e-01 5.124999999999996225e-01 -5.143843951773952039e-02
4.919999999999999929e-01 5.114999999999996216e-01 -5.153132801434492927e-02
4.929999999999999938e-01 5.104999999999996207e-01 -5.162378740473648475e-02
4.939999999999999947e-01 5.094999999999996199e-01 -5.171581792658161425e-02
4.949999999999999956e-01 5.084999999999996190e-01 -5.180742770563131344e-02
4.959999999999999964e-01 5.074999999999996181e-01 -5.189862810442306268e-02
4.969999999999999973e-01 5.064999999999996172e-01 -5.198943054501067862e-02
4.979999999999999982e-01 5.054999999999996163e-01 -5.207984644944795016e-02
4.989999999999999991e-01 5.044999999999996154e-01 -5.216988723978868703e-02
5.000000000000000000e-01 5.034999999999996145e-01 -5.225956433808668505e-02
5.010000000000000009e-01 5.024999999999996136e-01 -5.234888916639576090e-02
5.020000000000000018e-01 5.014999999999996128e-01 -5.243787314676971040e-02
5.030000000000000027e-01 5.004999999999996119e-01 -5.252652770126233633e-02
5.040000000000000036e-01 4.994999999999995555e-01 -5.261486425192744149e-02
5.050000000000000044e-01 4.984999999999995546e-01 -5.270289422081882169e-02
5.060000000000000053e-01 4.974999999999995537e-01 -5.279062902999030055e-02
5.070000000000000062e-01 4.964999999999995528e-01 -5.287808010149567389e-02
5.080000000000000071e-01 4.954999999999995519e-01 -5.296525885738873757e-02
5.090000000000000080e-01 4.944999999999995510e-01 -5.305217671972329435e-02
5.100000000000000089e-01 4.934999999999995501e-01 -5.313884511055315396e-02
5.110000000000000098e-01 4.924999999999995492e-01 -5.322527545193213305e-02
5.120000000000000107e-01 4.914999999999995484e-01 -5.331147916591399971e-02
5.130000000000000115e-01 4.904999999999995475e-01 -5.339746732144047547e-02
5.140000000000000124e-01 4.894999999999995466e-01 -5.348324818591920077e-02
5.150000000000000133e-01 4.884999999999995457e-01 -5.356882654103030383e-02
5.160000000000000142e-01 4.874999999999995448e-01 -5.365420612741335360e-02
5.170000000000000151e-01 4.864999999999995439e-01 -5.373939068197295527e-02
5.180000000000000160e-01 4.854999999999995430e-01 -5.382438394161367934e-02
5.190000000000000169e-01 4.844999999999995421e-01 -5.390918964324014490e-02
5.200000000000000178e-01 4.834999999999995413e-01 -5.399381152375694326e-02
5.210000000000000187e-01 4.824999999999995404e-01 -5.407825332006864494e-02
5.220000000000000195e-01 4.814999999999995395e-01 -5.416251876907986207e-02
5.230000000000000204e-01 4.804999999999995386e-01 -5.424661160769518597e-02
5.240000000000000213e-01 4.794999999999995377e-01 -5.433053557281920798e-02
5.250000000000000222e-01 4.784999999999995368e-01 -5.441429440135650553e-02
5.260000000000000231e-01 4.774999999999995359e-01 -5.449789183021169076e-02
5.270000000000000240e-01 4.764999999999995350e-01 -5.458133159628934805e-02
5.280000000000000249e-01 4.754999999999995342e-01 -5.466461743649407568e-02
5.290000000000000258e-01 4.744999999999995333e-01 -5.474775308773045801e-02
5.300000000000000266e-01 4.734999999999995324e-01 -5.483074228690310026e-02
5.310000000000000275e-01 4.724999999999995315e-01 -5.491358877091657986e-02
5.320000000000000284e-01 4.714999999999995306e-01 -5.499629627667548815e-02
5.330000000000000293e-01 4.704999999999995297e-01 -5.507886888903411327e-02
5.340000000000000302e-01 4.694999999999995288e-01 -5.516131323635670158e-02
5.350000000000000311e-01 4.684999999999995279e-01 -5.524363899661323407e-02
5.360000000000000320e-01 4.674999999999995270e-01 -5.532585670373128817e-02
5.370000000000000329e-01 4.664999999999995262e-01 -5.540797689355068945e-02
5.380000000000000338e-01 4.654999999999995253e-01 -5.549001010191122185e-02
5.390000000000000346e-01 4.644999999999995244e-01 -5.557196686465267627e-02
5.400000000000000355e-01 4.634999999999995235e-01 -5.565385771761485745e-02
5.410000000000000364e-01 4.624999999999995226e-01 -5.573569319663757016e-02
5.420000000000000373e-01 4.614999999999995217e-01 -5.581748383756059834e-02
5.430000000000000382e-01 4.604999999999995208e-01 -5.589924017622373287e-02
5.440000000000000391e-01 4.594999999999995199e-01 -5.598097274846679239e-02
5.450000000000000400e-01 4.584999999999995191e-01 -5.606269209012956084e-02
5.460000000000000409e-01 4.574999999999995182e-01 -5.614440873705182911e-02
5.470000000000000417e-01 4.564999999999995173e-01 -5.622613322507340888e-02
5.480000000000000426e-01 4.554999999999995164e-01 -5.630787609003408412e-02
5.490000000000000435e-01 4.544999999999995155e-01 -5.638964786777365262e-02
5.500000000000000444e-01 4.534999999999995146e-01 -5.647145909413192610e-02
5.510000000000000453e-01 4.524999999999995137e-01 -5.655332030494868850e-02
5.520000000000000462e-01 4.514999999999995128e-01 -5.663524203606373764e-02
5.530000000000000471e-01 4.504999999999995119e-01 -5.671723466041683759e-02
5.540000000000000480e-01 4.494999999999995111e-01 -5.679930676384595256e-02
5.550000000000000488e-01 4.484999999999995102e-01 -5.688146437534243038e-02
5.560000000000000497e-01 4.474999999999995093e-01 -5.696371258015241190e-02
5.570000000000000506e-01 4.464999999999995084e-01 -5.704605645242159795e-02
5.580000000000000515e-01 4.454999999999995075e-01 -5.712850106629566160e-02
5.590000000000000524e-01 4.444999999999995066e-01 -5.721105149592031064e-02
5.600000000000000533e-01 4.434999999999995057e-01 -5.729371281544123201e-02
5.610000000000000542e-01 4.424999999999995048e-01 -5.737649009900411962e-02
5.620000000000000551e-01 4.414999999999995040e-01 -5.745938842075466735e-02
5.630000000000000560e-01 4.404999999999995031e-01 -5.754241285483856216e-02
5.640000000000000568e-01 4.394999999999995022e-01 -5.762556847540150490e-02
5.650000000000000577e-01 4.384999999999995013e-01 -5.770886035658918944e-02
5.660000000000000586e-01 4.374999999999995004e-01 -5.779229357254728194e-02
5.670000000000000595e-01 4.364999999999994995e-01 -5.787587319742150405e-02
5.680000000000000604e-01 4.354999999999994986e-01 -5.795960430535753577e-02
5.690000000000000613e-01 4.344999999999994977e-01 -5.804349197050107101e-02
5.700000000000000622e-01 4.334999999999994968e-01 -5.812754126699780366e-02
5.710000000000000631e-01 4.324999999999994960e-01 -5.821175726899341374e-02
5.720000000000000639e-01 4.314999999999994951e-01 -5.829614505063361596e-02
5.730000000000000648e-01 4.304999999999994942e-01 -5.838070964362312987e-02
5.740000000000000657e-01 4.294999999999994933e-01 -5.846545428550974088e-02
5.750000000000000666e-01 4.284999999999994924e-01 -5.855037812586035006e-02
5.760000000000000675e-01 4.274999999999994915e-01 -5.863547781557881117e-02
5.769999999999999574e-01 4.264999999999994906e-01 -5.872074984317083440e-02
5.779999999999999583e-01 4.254999999999994897e-01 -5.880619069714215774e-02
5.789999999999999591e-01 4.244999999999994889e-01 -5.889179686599852609e-02
5.799999999999999600e-01 4.234999999999994880e-01 -5.897756483824566354e-02
5.809999999999999609e-01 4.224999999999994871e-01 -5.906349110238932887e-02
5.819999999999999618e-01 4.214999999999994862e-01 -5.914957214693525311e-02
5.829999999999999627e-01 4.204999999999994853e-01 -5.923580446038914649e-02
5.839999999999999636e-01 4.194999999999994844e-01 -5.932218453125676083e-02
5.849999999999999645e-01 4.184999999999994835e-01 -5.940870884804384799e-02
5.859999999999999654e-01 4.174999999999994826e-01 -5.949537389925613207e-02
5.869999999999999662e-01 4.164999999999994817e-01 -5.958217617339933714e-02
5.879999999999999671e-01 4.154999999999994809e-01 -5.966911215897922893e-02
5.889999999999999680e-01 4.144999999999994800e-01 -5.975617834450151766e-02
5.899999999999999689e-01 4.134999999999994791e-01 -5.984337121847194130e-02
5.909999999999999698e-01 4.124999999999994782e-01 -5.993068726939624474e-02
5.919999999999999707e-01 4.114999999999994773e-01 -6.001812298578015903e-02
5.929999999999999716e-01 4.104999999999994764e-01 -6.010567485612942906e-02
5.939999999999999725e-01 4.094999999999994755e-01 -6.019333951347896616e-02
5.949999999999999734e-01 4.084999999999994746e-01 -6.028111456650347977e-02
5.959999999999999742e-01 4.074999999999994738e-01 -6.036899875148485362e-02
5.969999999999999751e-01 4.064999999999994729e-01 -6.045699110156803335e-02
5.979999999999999760e-01 4.054999999999994720e-01 -6.054509065026440762e-02
5.989999999999999769e-01 4.044999999999994711e-01 -6.063329643108540667e-02
5.999999999999999778e-01 4.034999999999994702e-01 -6.072160747754244692e-02
6.009999999999999787e-01 4.024999999999994693e-01 -6.081002282314690310e-02
6.019999999999999796e-01 4.014999999999994684e-01 -6.089854150141020550e-02
6.029999999999999805e-01 4.004999999999994675e-01 -6.098716254584377050e-02
6.039999999999999813e-01 3.994999999999994666e-01 -6.107588498995898674e-02
6.049999999999999822e-01 3.984999999999994658e-01 -6.116470786726727754e-02
6.059999999999999831e-01 3.974999999999994649e-01 -6.125363021128005236e-02
6.069999999999999840e-01 3.964999999999994640e-01 -6.134265105550872066e-02
6.079999999999999849e-01 3.954999999999994631e-01 -6.143176943346468494e-02
6.089999999999999858e-01 3.944999999999994622e-01 -6.152098437865935465e-02
6.099999999999999867e-01 3.934999999999994613e-01 -6.161029492460414619e-02
6.109999999999999876e-01 3.924999999999994604e-01 -6.169970010481047595e-02
6.119999999999999885e-01 3.914999999999994595e-01 -6.178919895278972563e-02
6.129999999999999893e-01 3.904999999999994587e-01 -6.187879050205333242e-02
6.139999999999999902e-01 3.894999999999994578e-01 -6.196847378306235415e-02
6.149999999999999911e-01 3.884999999999994569e-01 -6.205824748826190007e-02
6.159999999999999920e-01 3.874999999999994560e-01 -6.214810934216921656e-02
6.169999999999999929e-01 3.864999999999994551e-01 -6.223805636601235924e-02
6.179999999999999938e-01 3.854999999999994542e-01 -6.232808551069243808e-02
6.189999999999999947e-01 3.844999999999994533e-01 -6.241819372711054914e-02
6.199999999999999956e-01 3.834999999999994524e-01 -6.250837796616777464e-02
6.209999999999999964e-01 3.824999999999994515e-01 -6.259863517876523842e-02
6.219999999999999973e-01 3.814999999999994507e-01 -6.268896231580400880e-02
6.229999999999999982e-01 3.804999999999994498e-01 -6.277935632818522349e-02
6.239999999999999991e-01 3.794999999999994489e-01 -6.286981416680993695e-02
6.250000000000000000e-01 3.784999999999994480e-01 -6.296033278257925914e-02
6.260000000000000009e-01 3.774999999999994471e-01 -6.305090912639430001e-02
6.270000000000000018e-01 3.764999999999994462e-01 -6.314154014915615565e-02
6.280000000000000027e-01 3.754999999999994453e-01 -6.323222280176592214e-02
6.290000000000000036e-01 3.744999999999994444e-01 -6.332295403512466780e-02
6.300000000000000044e-01 3.734999999999994436e-01 -6.341373080013354424e-02
6.310000000000000053e-01 3.724999999999994427e-01 -6.350455004769361977e-02
6.320000000000000062e-01 3.714999999999994418e-01 -6.359540872870597661e-02
6.330000000000000071e-01 3.704999999999994409e-01 -6.368630379407172470e-02
6.340000000000000080e-01 3.694999999999994400e-01 -6.377723219469197402e-02
6.350000000000000089e-01 3.684999999999994391e-01 -6.386819083935961483e-02
6.360000000000000098e-01 3.674999999999994382e-01 -6.395917593905048326e-02
6.370000000000000107e-01 3.664999999999994373e-01 -6.405018253081887214e-02
6.380000000000000115e-01 3.654999999999994365e-01 -6.414120511937571045e-02
6.390000000000000124e-01 3.644999999999994356e-01 -6.423223819530135548e-02
6.400000000000000133e-01 3.634999999999994347e-01 -6.432327624917613673e-02
6.410000000000000142e-01 3.624999999999994338e-01 -6.441431377158038374e-02
6.420000000000000151e-01 3.614999999999994329e-01 -6.450534525309439826e-02
6.430000000000000160e-01 3.604999999999994320e-01 -6.459636518429850982e-02
6.440000000000000169e-01 3.594999999999994311e-01 -6.468736805577310345e-02
6.450000000000000178e-01 3.584999999999994302e-01 -6.477834835809842540e-02
6.460000000000000187e-01 3.574999999999994293e-01 -6.486930058185484682e-02
6.470000000000000195e-01 3.564999999999994285e-01 -6.496021921762271112e-02
6.480000000000000204e-01 3.554999999999994276e-01 -6.505109875598232005e-02
6.490000000000000213e-01 3.544999999999994267e-01 -6.514193368751400315e-02
6.500000000000000222e-01 3.534999999999994258e-01 -6.523271850279808992e-02
6.510000000000000231e-01 3.524999999999994249e-01 -6.532344769241492377e-02
6.520000000000000240e-01 3.514999999999994240e-01 -6.541411574694482034e-02
6.530000000000000249e-01 3.504999999999994231e-01 -6.550471715696809527e-02
6.540000000000000258e-01 3.494999999999994222e-01 -6.559524641306510584e-02
6.550000000000000266e-01 3.484999999999994214e-01 -6.568569800581663953e-02
6.560000000000000275e-01 3.474999999999994205e-01 -6.577606693070037203e-02
6.570000000000000284e-01 3.464999999999994196e-01 -6.586635064799510608e-02
6.580000000000000293e-01 3.454999999999994187e-01 -6.595654905337874907e-02
6.590000000000000302e-01 3.444999999999994178e-01 -6.604666251802360222e-02
6.600000000000000311e-01 3.434999999999994169e-01 -6.613669141310202226e-02
6.610000000000000320e-01 3.424999999999994160e-01 -6.622663610978625492e-02
6.620000000000000329e-01 3.414999999999994151e-01 -6.631649697924862918e-02
6.630000000000000338e-01 3.404999999999994142e-01 -6.640627439266147403e-02
6.640000000000000346e-01 3.394999999999994134e-01 -6.649596872119706292e-02
6.650000000000000355e-01 3.384999999999994125e-01 -6.658558033602772486e-02
6.660000000000000364e-01 3.374999999999994116e-01 -6.667510960832576106e-02
6.670000000000000373e-01 3.364999999999994107e-01 -6.676455690926347275e-02
6.680000000000000382e-01 3.354999999999994098e-01 -6.685392261001317504e-02
6.690000000000000391e-01 3.344999999999994089e-01 -6.694320708174716916e-02
6.700000000000000400e-01 3.334999999999994080e-01 -6.703241069563775634e-02
6.710000000000000409e-01 3.324999999999994071e-01 -6.712153382285726555e-02
6.720000000000000417e-01 3.314999999999994063e-01 -6.721057683457799803e-02
6.730000000000000426e-01 3.304999999999994054e-01 -6.729954010197224112e-02
6.740000000000000435e-01 3.294999999999994045e-01 -6.738842399621230994e-02
6.750000000000000444e-01 3.284999999999994036e-01 -6.747722888847051959e-02
6.760000000000000453e-01 3.274999999999994027e-01 -6.756595493074565861e-02
6.770000000000000462e-01 3.264999999999994018e-01 -6.765459962742220723e-02
6.780000000000000471e-01 3.254999999999994009e-01 -6.774315654262397235e-02
6.790000000000000480e-01 3.244999999999994000e-01 -6.783161770581402905e-02
6.800000000000000488e-01 3.234999999999993991e-01 -6.791997512361466760e-02
6.810000000000000497e-01 3.224999999999993983e-01 -6.800822080264812275e-02
6.820000000000000506e-01 3.214999999999993974e-01 -6.809634674953668476e-02
6.830000000000000515e-01 3.204999999999993965e-01 -6.818434497090261615e-02
6.840000000000000524e-01 3.194999999999993956e-01 -6.827220747336820716e-02
6.850000000000000533e-01 3.184999999999993947e-01 -6.835992626355570645e-02
6.860000000000000542e-01 3.174999999999993938e-01 -6.844749334808741814e-02
6.870000000000000551e-01 3.164999999999993929e-01 -6.853490073358559087e-02
6.880000000000000560e-01 3.154999999999993920e-01 -6.862214042667248715e-02
6.890000000000000568e-01 3.144999999999993912e-01 -6.870920443397039723e-02
6.900000000000000577e-01 3.134999999999993903e-01 -6.879608476210161139e-02
6.910000000000000586e-01 3.124999999999993894e-01 -6.888277341768837825e-02
6.920000000000000595e-01 3.114999999999993885e-01 -6.896926240735296032e-02
6.930000000000000604e-01 3.104999999999993876e-01 -6.905554373771764787e-02
6.940000000000000613e-01 3.094999999999993867e-01 -6.914160941540471728e-02
6.950000000000000622e-01 3.084999999999993858e-01 -6.922745144703643105e-02
6.960000000000000631e-01 3.074999999999993849e-01 -6.931306179436808046e-02
6.970000000000000639e-01 3.074999999999993849e-01 -6.931306179436808046e-02
6.980000000000000648e-01 3.064999999999993840e-01 -6.939843200878359486e-02
6.990000000000000657e-01 3.054999999999993832e-01 -6.948355309806386604e-02
7.000000000000000666e-01 3.044999999999993823e-01 -6.956841589069549803e-02
7.010000000000000675e-01 3.034999999999993814e-01 -6.965301121396928752e-02
7.020000000000000684e-01 3.024999999999993805e-01 -6.973732989517605896e-02
7.030000000000000693e-01 3.014999999999993796e-01 -6.982136276160662292e-02
7.039999999999999591e-01 3.004999999999993787e-01 -6.990510064055180384e-02
7.049999999999999600e-01 2.994999999999993778e-01 -6.998853435930244005e-02
7.059999999999999609e-01 2.984999999999993769e-01 -7.007165474514934211e-02
7.069999999999999618e-01 2.974999999999993761e-01 -7.015445262538330673e-02
7.079999999999999627e-01 2.964999999999993752e-01 -7.023691882729518610e-02
7.089999999999999636e-01 2.954999999999993743e-01 -7.031904417817580466e-02
7.099999999999999645e-01 2.944999999999993734e-01 -7.040081950531595911e-02
7.109999999999999654e-01 2.934999999999993725e-01 -7.048223563600647390e-02
7.119999999999999662e-01 2.924999999999993716e-01 -7.056328339753817347e-02
7.129999999999999671e-01 2.914999999999993707e-01 -7.064395361720189614e-02
7.139999999999999680e-01 2.904999999999993698e-01 -7.072423712228842474e-02
7.149999999999999689e-01 2.894999999999993689e-01 -7.080412474008862533e-02
7.159999999999999698e-01 2.884999999999993681e-01 -7.088360734222801107e-02
7.169999999999999707e-01 2.874999999999993672e-01 -7.096267738073780418e-02
7.179999999999999716e-01 2.864999999999993663e-01 -7.104133073699644974e-02
7.189999999999999725e-01 2.854999999999993654e-01 -7.111956530241513030e-02
7.199999999999999734e-01 2.844999999999993645e-01 -7.119737908516129976e-02
7.209999999999999742e-01 2.834999999999993636e-01 -7.127477009340241199e-02
7.219999999999999751e-01 2.824999999999993627e-01 -7.135173633530590698e-02
7.229999999999999760e-01 2.814999999999993618e-01 -7.142827581903921086e-02
7.239999999999999769e-01 2.804999999999993610e-01 -7.150438655276977751e-02
7.249999999999999778e-01 2.794999999999993601e-01 -7.158006654466506080e-02
7.259999999999999787e-01 2.784999999999993592e-01 -7.165531380289247299e-02
7.269999999999999796e-01 2.774999999999993583e-01 -7.173012633561950957e-02
7.279999999999999805e-01 2.764999999999993574e-01 -7.180450215101355504e-02
7.289999999999999813e-01 2.754999999999993565e-01 -7.187843925724210492e-02
7.299999999999999822e-01 2.744999999999993556e-01 -7.195193566247257144e-02
7.309999999999999831e-01 2.734999999999993547e-01 -7.202498937487239461e-02
7.319999999999999840e-01 2.724999999999993539e-01 -7.209759840260902830e-02
7.329999999999999849e-01 2.714999999999993530e-01 -7.216976075384989864e-02
7.339999999999999858e-01 2.704999999999993521e-01 -7.224147443676248725e-02
7.349999999999999867e-01 2.694999999999993512e-01 -7.231273705136147256e-02
7.359999999999999876e-01 2.684999999999993503e-01 -7.238354126717974624e-02
7.369999999999999885e-01 2.674999999999993494e-01 -7.245387241605616424e-02
7.379999999999999893e-01 2.664999999999993485e-01 -7.252371297192961030e-02
7.389999999999999902e-01 2.654999999999993476e-01 -7.259304536620399262e-02
7.399999999999999911e-01 2.644999999999993467e-01 -7.266185203028324713e-02
7.409999999999999920e-01 2.634999999999993459e-01 -7.273011539557128202e-02
7.419999999999999929e-01 2.624999999999993450e-01 -7.279781789347208876e-02
7.429999999999999938e-01 2.614999999999993441e-01 -7.286494195538957552e-02
7.439999999999999947e-01 2.604999999999993432e-01 -7.293147001272765051e-02
7.449999999999999956e-01 2.594999999999993423e-01 -7.299738449689026354e-02
7.459999999999999964e-01 2.584999999999993414e-01 -7.306266783928133668e-02
7.469999999999999973e-01 2.574999999999993405e-01 -7.312730247130480588e-02
7.479999999999999982e-01 2.564999999999993396e-01 -7.319127082436460707e-02
7.489999999999999991e-01 2.554999999999993388e-01 -7.325455532986467622e-02
7.500000000000000000e-01 2.544999999999993379e-01 -7.331713841920893537e-02
7.510000000000000009e-01 2.534999999999993370e-01 -7.337900252380130661e-02
7.520000000000000018e-01 2.524999999999993361e-01 -7.344013007504573975e-02
7.530000000000000027e-01 2.514999999999993352e-01 -7.350050371260247184e-02
7.540000000000000036e-01 2.504999999999993343e-01 -7.356011085664615479e-02
7.550000000000000044e-01 2.494999999999993334e-01 -7.361894795413036208e-02
7.560000000000000053e-01 2.484999999999993325e-01 -7.367701609123333828e-02
7.570000000000000062e-01 2.474999999999993316e-01 -7.373431653883710801e-02
7.580000000000000071e-01 2.464999999999993308e-01 -7.379085056782372365e-02
7.590000000000000080e-01 2.454999999999993299e-01 -7.384661944907519593e-02
7.600000000000000089e-01 2.444999999999993290e-01 -7.390162445347356335e-02
7.610000000000000098e-01 2.434999999999993281e-01 -7.395586685190085052e-02
7.620000000000000107e-01 2.424999999999993272e-01 -7.400934791523910983e-02
7.630000000000000115e-01 2.414999999999993263e-01 -7.406206891437037976e-02
7.640000000000000124e-01 2.404999999999993254e-01 -7.411403112017667105e-02
7.650000000000000133e-01 2.394999999999993245e-01 -7.416523580354000833e-02
7.660000000000000142e-01 2.384999999999993237e-01 -7.421568423534245784e-02
7.670000000000000151e-01 2.374999999999993228e-01 -7.426537768646604420e-02
7.680000000000000160e-01 2.364999999999993219e-01 -7.431431742779277816e-02
7.690000000000000169e-01 2.354999999999993210e-01 -7.436250473020469820e-02
7.700000000000000178e-01 2.344999999999993201e-01 -7.440994086458385670e-02
7.710000000000000187e-01 2.334999999999993192e-01 -7.445662642500938677e-02
7.720000000000000195e-01 2.324999999999993183e-01 -7.450255718888466883e-02
7.730000000000000204e-01 2.314999999999993174e-01 -7.454772322896491277e-02
7.740000000000000213e-01 2.304999999999993165e-01 -7.459211305031038242e-02
7.750000000000000222e-01 2.294999999999993157e-01 -7.463571515506151055e-02
7.760000000000000231e-01 2.284999999999993148e-01 -7.467851804535874383e-02
7.770000000000000240e-01 2.274999999999993139e-01 -7.472051022334254278e-02
7.780000000000000249e-01 2.264999999999993130e-01 -7.476168019115334018e-02
7.790000000000000258e-01 2.254999999999993121e-01 -7.480201645093161045e-02
7.800000000000000266e-01 2.244999999999993112e-01 -7.484150750481775860e-02
7.810000000000000275e-01 2.234999999999993103e-01 -7.488014185495225905e-02
7.820000000000000284e-01 2.224999999999993094e-01 -7.491790800347555845e-02
7.830000000000000293e-01 2.214999999999993086e-01 -7.495479445252810347e-02
7.840000000000000302e-01 2.204999999999993077e-01 -7.499078970425032686e-02
7.850000000000000311e-01 2.194999999999993068e-01 -7.502588226078268918e-02
7.860000000000000320e-01 2.184999999999993059e-01 -7.506006062426565095e-02
7.870000000000000329e-01 2.174999999999993050e-01 -7.509331329683960332e-02
7.880000000000000338e-01 2.164999999999993041e-01 -7.512562903016870020e-02
7.890000000000000346e-01 2.154999999999993032e-01 -7.515699959016070020e-02
7.900000000000000355e-01 2.144999999999993023e-01 -7.518742122861317434e-02
7.910000000000000364e-01 2.134999999999993014e-01 -7.521689194449712734e-02
7.920000000000000373e-01 2.124999999999993006e-01 -7.524540976278724924e-02
7.930000000000000382e-01 2.114999999999992997e-01 -7.527297270845823007e-02
7.940000000000000391e-01 2.104999999999992988e-01 -7.529957880648477375e-02
7.950000000000000400e-01 2.094999999999992979e-01 -7.532522608184157031e-02
7.960000000000000409e-01 2.084999999999992970e-01 -7.534991255950332367e-02
7.970000000000000417e-01 2.074999999999992961e-01 -7.537363626444470999e-02
7.980000000000000426e-01 2.064999999999992952e-01 -7.539639522164043317e-02
7.990000000000000435e-01 2.054999999999992943e-01 -7.541818745606519714e-02
8.000000000000000444e-01 2.044999999999992935e-01 -7.543901099269366417e-02
8.010000000000000453e-01 2.034999999999992926e-01 -7.545886385650055206e-02
8.020000000000000462e-01 2.024999999999992917e-01 -7.547774407246057859e-02
8.030000000000000471e-01 2.014999999999992908e-01 -7.549564966554840606e-02
8.040000000000000480e-01 2.004999999999992899e-01 -7.551257866074990999e-02
8.050000000000000488e-01 1.994999999999992890e-01 -7.552852918660762915e-02
8.060000000000000497e-01 1.984999999999992881e-01 -7.554349983184144302e-02
8.070000000000000506e-01 1.974999999999992872e-01 -7.555748961852526424e-02
8.080000000000000515e-01 1.964999999999992863e-01 -7.557049764545535619e-02
8.090000000000000524e-01 1.954999999999992855e-01 -7.558252301142798224e-02
8.100000000000000533e-01 1.944999999999992846e-01 -7.559356481523941962e-02
8.110000000000000542e-01 1.934999999999992837e-01 -7.560362215568591782e-02
8.120000000000000551e-01 1.924999999999992828e-01 -7.561269413156372632e-02
8.130000000000000560e-01 1.914999999999992819e-01 -7.562077984166913625e-02
8.140000000000000568e-01 1.904999999999992810e-01 -7.562787838479839708e-02
8.150000000000000577e-01 1.894999999999992801e-01 -7.563398885974775832e-02
8.160000000000000586e-01 1.884999999999992792e-01 -7.563911036531346943e-02
8.170000000000000595e-01 1.874999999999992784e-01 -7.564324200029183543e-02
8.180000000000000604e-01 1.864999999999992775e-01 -7.564638286347907803e-02
8.190000000000000613e-01 1.854999999999992766e-01 -7.564853205367150224e-02
8.200000000000000622e-01 1.844999999999992757e-01 -7.564968866866030039e-02
8.210000000000000631e-01 1.834999999999992748e-01 -7.564985002388775748e-02
8.220000000000000639e-01 1.824999999999992739e-01 -7.564900620292402955e-02
8.230000000000000648e-01 1.814999999999992730e-01 -7.564714079991657902e-02
8.240000000000000657e-01 1.804999999999992721e-01 -7.564423637011824519e-02
8.250000000000000666e-01 1.794999999999992712e-01 -7.564027546878196451e-02
8.260000000000000675e-01 1.784999999999992704e-01 -7.563524065116061790e-02
8.270000000000000684e-01 1.774999999999992695e-01 -7.562911447250708630e-02
8.280000000000000693e-01 1.764999999999992686e-01 -7.562187948807427840e-02
8.290000000000000702e-01 1.754999999999992677e-01 -7.561351825311510289e-02
8.300000000000000711e-01 1.744999999999992668e-01 -7.560401332288244070e-02
8.310000000000000719e-01 1.734999999999992659e-01 -7.559334725262918664e-02
8.320000000000000728e-01 1.724999999999992650e-01 -7.558150259760823553e-02
8.329999999999999627e-01 1.714999999999992641e-01 -7.556846191307248217e-02
8.339999999999999636e-01 1.704999999999992633e-01 -7.555420775427484914e-02
8.349999999999999645e-01 1.694999999999992624e-01 -7.553872267646816185e-02
8.359999999999999654e-01 1.684999999999992615e-01 -7.552199120451352776e-02
8.369999999999999662e-01 1.674999999999992606e-01 -7.550400871677601100e-02
8.379999999999999671e-01 1.664999999999992597e-01 -7.548478197913022214e-02
8.389999999999999680e-01 1.654999999999992588e-01 -7.546432026120683534e-02
8.399999999999999689e-01 1.644999999999992579e-01 -7.544263283277899412e-02
8.409999999999999698e-01 1.634999999999992570e-01 -7.541972896361984202e-02
8.419999999999999707e-01 1.624999999999992562e-01 -7.539561792350252256e-02
8.429999999999999716e-01 1.614999999999992553e-01 -7.537030898220020703e-02
8.439999999999999725e-01 1.604999999999992544e-01 -7.534381140948603894e-02
8.449999999999999734e-01 1.594999999999992535e-01 -7.531613447513316184e-02
8.459999999999999742e-01 1.584999999999992526e-01 -7.528728744891471925e-02
8.469999999999999751e-01 1.574999999999992517e-01 -7.525727960060385469e-02
8.479999999999999760e-01 1.564999999999992508e-01 -7.522612019997376720e-02
8.489999999999999769e-01 1.554999999999992499e-01 -7.519381851679757256e-02
8.499999999999999778e-01 1.544999999999992490e-01 -7.516038183695347707e-02
8.509999999999999787e-01 1.534999999999992482e-01 -7.512579982066153184e-02
8.519999999999999796e-01 1.524999999999992473e-01 -7.509003907316857962e-02
8.529999999999999805e-01 1.514999999999992464e-01 -7.505305874199696969e-02
8.539999999999999813e-01 1.504999999999992455e-01 -7.501481793015449262e-02
8.549999999999999822e-01 1.494999999999992446e-01 -7.497527574064885569e-02
8.559999999999999831e-01 1.484999999999992437e-01 -7.493439127648783560e-02
8.569999999999999840e-01 1.474999999999992428e-01 -7.489212364067915351e-02
8.579999999999999849e-01 1.464999999999992419e-01 -7.484843193623055835e-02
8.589999999999999858e-01 1.454999999999992411e-01 -7.480327526614982681e-02
8.599999999999999867e-01 1.444999999999992402e-01 -7.475661273344465230e-02
8.609999999999999876e-01 1.434999999999992393e-01 -7.470840344112278375e-02
8.619999999999999885e-01 1.424999999999992384e-01 -7.465860649219199785e-02
8.629999999999999893e-01 1.414999999999992375e-01 -7.460718180793493581e-02
8.639999999999999902e-01 1.404999999999992366e-01 -7.455410516978164259e-02
8.649999999999999911e-01 1.394999999999992357e-01 -7.449938060224955971e-02
8.659999999999999920e-01 1.384999999999992348e-01 -7.444302577924728770e-02
8.669999999999999929e-01 1.374999999999992339e-01 -7.438505882285953441e-02
8.679999999999999938e-01 1.364999999999992331e-01 -7.432549785517100771e-02
8.689999999999999947e-01 1.354999999999992322e-01 -7.426436099826638770e-02
8.699999999999999956e-01 1.344999999999992313e-01 -7.420166637423039613e-02
8.709999999999999964e-01 1.334999999999992304e-01 -7.413743210514772697e-02
8.719999999999999973e-01 1.324999999999992295e-01 -7.407167631310311584e-02
8.729999999999999982e-01 1.314999999999992286e-01 -7.400441712018124285e-02
8.739999999999999991e-01 1.304999999999992277e-01 -7.393567264846678810e-02
8.750000000000000000e-01 1.294999999999992268e-01 -7.386546085674523809e-02
8.760000000000000009e-01 1.284999999999992260e-01 -7.379378459314631100e-02
8.770000000000000018e-01 1.274999999999992251e-01 -7.372060501212078509e-02
8.780000000000000027e-01 1.264999999999992242e-01 -7.364585374523369143e-02
8.790000000000000036e-01 1.254999999999992233e-01 -7.356945964748666522e-02
8.800000000000000044e-01 1.244999999999992224e-01 -7.349135157388136941e-02
8.810000000000000053e-01 1.234999999999992215e-01 -7.341145837941943919e-02
8.820000000000000062e-01 1.224999999999992206e-01 -7.332970891910253752e-02
8.830000000000000071e-01 1.214999999999992197e-01 -7.324603204793234124e-02
8.840000000000000080e-01 1.204999999999992188e-01 -7.316035662091044389e-02
8.850000000000000089e-01 1.194999999999992180e-01 -7.307261149303855008e-02
8.860000000000000098e-01 1.184999999999992171e-01 -7.298272551916271111e-02
8.870000000000000107e-01 1.174999999999992162e-01 -7.289062125834565309e-02
8.880000000000000115e-01 1.164999999999992153e-01 -7.279619195682721089e-02
8.890000000000000124e-01 1.154999999999992144e-01 -7.269930258486612118e-02
8.900000000000000133e-01 1.144999999999992135e-01 -7.259981285393506123e-02
8.910000000000000142e-01 1.134999999999992126e-01 -7.249758247550680546e-02
8.920000000000000151e-01 1.124999999999992117e-01 -7.239247116105407276e-02
8.930000000000000160e-01 1.114999999999992109e-01 -7.228433862204955429e-02
8.940000000000000169e-01 1.104999999999992100e-01 -7.217304456996603834e-02
8.950000000000000178e-01 1.094999999999992091e-01 -7.205844871627618831e-02
8.960000000000000187e-01 1.084999999999992082e-01 -7.194041077245276472e-02
8.970000000000000195e-01 1.074999999999992073e-01 -7.181879268309893094e-02
8.980000000000000204e-01 1.064999999999992064e-01 -7.169347806245388033e-02
8.990000000000000213e-01 1.054999999999992055e-01 -7.156437996899513154e-02
9.000000000000000222e-01 1.044999999999992046e-01 -7.143142155164142193e-02
9.010000000000000231e-01 1.034999999999992037e-01 -7.129452604201999555e-02
9.020000000000000240e-01 1.024999999999992029e-01 -7.115361667175811033e-02
9.030000000000000249e-01 1.014999999999992020e-01 -7.100861667248303810e-02
9.040000000000000258e-01 1.004999999999992011e-01 -7.085944927582202291e-02
9.050000000000000266e-01 9.949999999999920020e-02 -7.070603771340235044e-02
9.060000000000000275e-01 9.849999999999919931e-02 -7.054830559739315443e-02
9.070000000000000284e-01 9.749999999999919842e-02 -7.038620210836488145e-02
9.080000000000000293e-01 9.649999999999919753e-02 -7.021974207407974400e-02
9.090000000000000302e-01 9.549999999999919664e-02 -7.004898443319935997e-02
9.100000000000000311e-01 9.449999999999919575e-02 -6.987399177595227107e-02
9.110000000000000320e-01 9.349999999999919487e-02 -6.969482669256703289e-02
9.120000000000000329e-01 9.249999999999919398e-02 -6.951155177327217327e-02
9.130000000000000338e-01 9.149999999999919309e-02 -6.932422960829630332e-02
9.140000000000000346e-01 9.049999999999919220e-02 -6.913292278786795086e-02
9.150000000000000355e-01 8.949999999999919131e-02 -6.893769840482300015e-02
9.160000000000000364e-01 8.849999999999919043e-02 -6.873870738024137617e-02
9.170000000000000373e-01 8.749999999999918954e-02 -6.853624778218314617e-02
9.180000000000000382e-01 8.649999999999918865e-02 -6.833068768407912774e-02
9.190000000000000391e-01 8.549999999999918776e-02 -6.812239734338723651e-02
9.200000000000000400e-01 8.449999999999918687e-02 -6.791174701756533261e-02
9.210000000000000409e-01 8.349999999999918598e-02 -6.769910696407134554e-02
9.220000000000000417e-01 8.249999999999918510e-02 -6.748484744036317706e-02
9.230000000000000426e-01 8.149999999999918421e-02 -6.726933394119358200e-02
9.240000000000000435e-01 8.049999999999918332e-02 -6.705275253612108521e-02
9.250000000000000444e-01 7.949999999999918243e-02 -6.683489362690014923e-02
9.260000000000000453e-01 7.849999999999918154e-02 -6.661531241749481247e-02
9.270000000000000462e-01 7.749999999999918066e-02 -6.639354991939340478e-02
9.280000000000000471e-01 7.649999999999917977e-02 -6.616914714408431153e-02
9.290000000000000480e-01 7.549999999999917888e-02 -6.594164510305586258e-02
9.300000000000000488e-01 7.449999999999917799e-02 -6.571058480779641553e-02
9.310000000000000497e-01 7.349999999999917710e-02 -6.547550343605548773e-02
9.320000000000000506e-01 7.249999999999917621e-02 -6.523591596569305873e-02
9.330000000000000515e-01 7.249999999999917621e-02 -6.523591596569305873e-02
9.340000000000000524e-01 7.149999999999917533e-02 -6.499131351501620524e-02
9.350000000000000533e-01 7.049999999999917444e-02 -6.474118170793288773e-02
9.360000000000000542e-01 6.949999999999917355e-02 -6.448500616735403090e-02
9.370000000000000551e-01 6.849999999999917266e-02 -6.422227251619060107e-02
9.380000000000000560e-01 6.749999999999917177e-02 -6.395246630027739965e-02
9.390000000000000568e-01 6.649999999999917089e-02 -6.367504392465668517e-02
9.400000000000000577e-01 6.549999999999917000e-02 -6.338936012013794696e-02
9.410000000000000586e-01 6.449999999999916911e-02 -6.309468585385977213e-02
9.420000000000000595e-01 6.349999999999916822e-02 -6.279028093980622283e-02
9.430000000000000604e-01 6.249999999999916733e-02 -6.247540519196137510e-02
9.440000000000000613e-01 6.149999999999916644e-02 -6.214931842430928416e-02
9.450000000000000622e-01 6.049999999999916556e-02 -6.181132659889881226e-02
9.460000000000000631e-01 5.949999999999916467e-02 -6.146097204010623344e-02
9.470000000000000639e-01 5.849999999999916378e-02 -6.109803628817994658e-02
9.480000000000000648e-01 5.749999999999916289e-02 -6.072234988502540898e-02
9.490000000000000657e-01 5.649999999999916200e-02 -6.033374337259568565e-02
9.500000000000000666e-01 5.549999999999916112e-02 -5.993204926482077755e-02
9.510000000000000675e-01 5.449999999999916023e-02 -5.951723257168579917e-02
9.520000000000000684e-01 5.349999999999915934e-02 -5.908959848846302015e-02
9.530000000000000693e-01 5.349999999999915934e-02 -5.908959848846302015e-02
9.540000000000000702e-01 5.249999999999915845e-02 -5.864968079413956231e-02
9.550000000000000711e-01 5.149999999999915756e-02 -5.819803219020822788e-02
9.560000000000000719e-01 5.049999999999915667e-02 -5.773520537887992521e-02
9.570000000000000728e-01 4.949999999999915579e-02 -5.726176568189889071e-02
9.580000000000000737e-01 4.849999999999915490e-02 -5.677833581679836428e-02
9.590000000000000746e-01 4.749999999999915401e-02 -5.628559320538459310e-02
9.599999999999999645e-01 4.649999999999915312e-02 -5.578422519676297375e-02
9.609999999999999654e-01 4.549999999999915223e-02 -5.527491901751435677e-02
9.619999999999999662e-01 4.449999999999915135e-02 -5.475819918162706801e-02
9.629999999999999671e-01 4.449999999999915135e-02 -5.475819918162706801e-02
9.639999999999999680e-01 4.349999999999915046e-02 -5.423394449874994333e-02
9.649999999999999689e-01 4.249999999999914957e-02 -5.370146134386882819e-02
9.659999999999999698e-01 4.149999999999914868e-02 -5.315996677157804051e-02
9.669999999999999707e-01 4.049999999999914779e-02 -5.260866971740697784e-02
9.679999999999999716e-01 3.949999999999914690e-02 -5.204658425932741361e-02
9.689999999999999725e-01 3.849999999999914602e-02 -5.147235099832565136e-02
9.699999999999999734e-01 3.749999999999914513e-02 -5.088441567783034969e-02
9.709999999999999742e-01 3.749999999999914513e-02 -5.088441567783034969e-02
9.719999999999999751e-01 3.649999999999914424e-02 -5.028121718998846551e-02
9.729999999999999760e-01 3.549999999999914335e-02 -4.966134909649619344e-02
9.739999999999999769e-01 3.449999999999914246e-02 -4.902385628986560828e-02
9.749999999999999778e-01 3.349999999999914158e-02 -4.836811582180473162e-02
9.759999999999999787e-01 3.249999999999914069e-02 -4.769352625349621011e-02
9.769999999999999796e-01 3.249999999999914069e-02 -4.769352625349621011e-02
9.779999999999999805e-01 3.149999999999913980e-02 -4.699883847374343449e-02
9.789999999999999813e-01 3.049999999999913891e-02 -4.628125167626875175e-02
9.799999999999999822e-01 2.949999999999913802e-02 -4.553697683834777993e-02
9.809999999999999831e-01 2.849999999999913713e-02 -4.476235604319267480e-02
9.819999999999999840e-01 2.849999999999913713e-02 -4.476235604319267480e-02
9.829999999999999849e-01 2.749999999999913625e-02 -4.395538398396894864e-02
9.839999999999999858e-01 2.649999999999913536e-02 -4.311613728914390903e-02
9.849999999999999867e-01 2.549999999999913447e-02 -4.224532187862377330e-02
9.859999999999999876e-01 2.549999999999913447e-02 -4.224532187862377330e-02
9.869999999999999885e-01 2.449999999999913358e-02 -4.134355629236868834e-02
9.879999999999999893e-01 2.349999999999913269e-02 -4.041130552932808984e-02
9.889999999999999902e-01 2.249999999999913181e-02 -3.944896515820161403e-02
9.899999999999999911e-01 2.249999999999913181e-02 -3.944896515820161403e-02
9.909999999999999920e-01 2.149999999999913092e-02 -3.845694920641316156e-02
9.919999999999999929e-01 2.049999999999913003e-02 -3.743570514866922938e-02
9.929999999999999938e-01 2.049999999999913003e-02 -3.743570514866922938e-02
9.939999999999999947e-01 1.949999999999912914e-02 -3.638573868862825245e-02
9.949999999999999956e-01 1.849999999999912825e-02 -3.530787422314043966e-02
9.959999999999999964e-01 1.849999999999912825e-02 -3.530787422314043966e-02
9.969999999999999973e-01 1.749999999999912736e-02 -3.420332306218601404e-02
9.979999999999999982e-01 1.649999999999912648e-02 -3.307388706063950357e-02
9.989999999999999991e-01 1.649999999999912648e-02 -3.307388706063950357e-02
