# # XY coordinates calculated for a certain perimeters [dimensionless perim, dimensionless x_c, dimesnionless y_c]
0.000000000000000000e+00 5.000000000000000104e-04 3.888279930377815715e-03
1.000000000000000021e-03 5.000000000000000104e-04 3.888279930377815715e-03
2.000000000000000042e-03 5.000000000000000104e-04 3.888279930377815715e-03
3.000000000000000062e-03 5.000000000000000104e-04 3.888279930377815715e-03
4.000000000000000083e-03 5.000000000000000104e-04 3.888279930377815715e-03
5.000000000000000104e-03 5.000000000000000104e-04 3.888279930377815715e-03
6.000000000000000125e-03 5.000000000000000104e-04 3.888279930377815715e-03
7.000000000000000146e-03 5.000000000000000104e-04 3.888279930377815715e-03
8.000000000000000167e-03 5.000000000000000104e-04 3.888279930377815715e-03
9.000000000000001055e-03 5.000000000000000104e-04 3.888279930377815715e-03
1.000000000000000021e-02 1.500000000000000031e-03 9.429657995813741506e-03
1.099999999999999936e-02 1.500000000000000031e-03 9.429657995813741506e-03
1.200000000000000025e-02 1.500000000000000031e-03 9.429657995813741506e-03
1.300000000000000114e-02 2.500000000000000052e-03 1.237047868272724525e-02
1.400000000000000029e-02 2.500000000000000052e-03 1.237047868272724525e-02
1.499999999999999944e-02 2.500000000000000052e-03 1.237047868272724525e-02
1.600000000000000033e-02 3.500000000000000073e-03 1.474071837585309158e-02
1.700000000000000122e-02 3.500000000000000073e-03 1.474071837585309158e-02
1.800000000000000211e-02 4.500000000000000527e-03 1.677166541226045998e-02
1.899999999999999953e-02 4.500000000000000527e-03 1.677166541226045998e-02
2.000000000000000042e-02 5.499999999999999681e-03 1.857418111380309406e-02
2.100000000000000130e-02 5.499999999999999681e-03 1.857418111380309406e-02
2.199999999999999872e-02 6.500000000000000569e-03 2.021566364542543015e-02
2.299999999999999961e-02 6.500000000000000569e-03 2.021566364542543015e-02
2.400000000000000050e-02 7.499999999999999722e-03 2.174323423979524980e-02
2.500000000000000139e-02 7.499999999999999722e-03 2.174323423979524980e-02
2.600000000000000228e-02 8.500000000000000611e-03 2.318239388454719843e-02
2.699999999999999969e-02 9.500000000000001499e-03 2.454663532333219850e-02
2.800000000000000058e-02 9.500000000000001499e-03 2.454663532333219850e-02
2.900000000000000147e-02 1.050000000000000065e-02 2.585391151001612681e-02
2.999999999999999889e-02 1.050000000000000065e-02 2.585391151001612681e-02
3.099999999999999978e-02 1.149999999999999981e-02 2.712107371081988461e-02
3.200000000000000067e-02 1.250000000000000069e-02 2.835686692304317108e-02
3.300000000000000155e-02 1.250000000000000069e-02 2.835686692304317108e-02
3.400000000000000244e-02 1.350000000000000158e-02 2.956602141615320700e-02
3.500000000000000333e-02 1.450000000000000074e-02 3.075334790235581886e-02
3.600000000000000422e-02 1.450000000000000074e-02 3.075334790235581886e-02
3.699999999999999817e-02 1.549999999999999989e-02 3.192270215774062336e-02
3.799999999999999906e-02 1.650000000000000078e-02 3.307388706064050277e-02
3.899999999999999994e-02 1.650000000000000078e-02 3.307388706064050277e-02
4.000000000000000083e-02 1.750000000000000167e-02 3.420332306218698548e-02
4.100000000000000172e-02 1.850000000000000255e-02 3.530787422314139029e-02
4.200000000000000261e-02 1.850000000000000255e-02 3.530787422314139029e-02
4.300000000000000350e-02 1.949999999999999997e-02 3.638573868862918226e-02
4.399999999999999745e-02 2.050000000000000086e-02 3.743570514867013144e-02
4.499999999999999833e-02 2.050000000000000086e-02 3.743570514867013144e-02
4.599999999999999922e-02 2.150000000000000175e-02 3.845694920641404280e-02
4.700000000000000011e-02 2.249999999999999917e-02 3.944896515820246752e-02
4.800000000000000100e-02 2.350000000000000006e-02 4.041130552932890863e-02
4.900000000000000189e-02 2.350000000000000006e-02 4.041130552932890863e-02
5.000000000000000278e-02 2.450000000000000094e-02 4.134355629236947938e-02
5.100000000000000366e-02 2.550000000000000183e-02 4.224532187862453658e-02
5.200000000000000455e-02 2.650000000000000272e-02 4.311613728914463761e-02
5.299999999999999850e-02 2.650000000000000272e-02 4.311613728914463761e-02
5.399999999999999939e-02 2.750000000000000014e-02 4.395538398396966334e-02
5.500000000000000028e-02 2.850000000000000103e-02 4.476235604319335482e-02
5.600000000000000117e-02 2.950000000000000192e-02 4.553697683834843912e-02
5.700000000000000205e-02 2.950000000000000192e-02 4.553697683834843912e-02
5.800000000000000294e-02 3.049999999999999933e-02 4.628125167626938319e-02
5.900000000000000383e-02 3.150000000000000022e-02 4.699883847374403123e-02
5.999999999999999778e-02 3.250000000000000111e-02 4.769352625349677910e-02
6.099999999999999867e-02 3.350000000000000200e-02 4.836811582180530061e-02
6.199999999999999956e-02 3.450000000000000289e-02 4.902385628986616339e-02
6.300000000000000044e-02 3.450000000000000289e-02 4.902385628986616339e-02
6.400000000000000133e-02 3.550000000000000377e-02 4.966134909649673468e-02
6.500000000000000222e-02 3.650000000000000466e-02 5.028121718998898593e-02
6.600000000000000311e-02 3.749999999999999861e-02 5.088441567783086317e-02
6.700000000000000400e-02 3.849999999999999950e-02 5.147235099832615790e-02
6.800000000000000488e-02 3.950000000000000039e-02 5.204658425932791321e-02
6.900000000000000577e-02 4.050000000000000128e-02 5.260866971740746356e-02
7.000000000000000666e-02 4.050000000000000128e-02 5.260866971740746356e-02
7.100000000000000755e-02 4.150000000000000216e-02 5.315996677157849848e-02
7.200000000000000844e-02 4.250000000000000305e-02 5.370146134386928616e-02
7.299999999999999545e-02 4.350000000000000394e-02 5.423394449875039436e-02
7.399999999999999634e-02 4.449999999999999789e-02 5.475819918162749822e-02
7.499999999999999722e-02 4.549999999999999878e-02 5.527491901751478698e-02
7.599999999999999811e-02 4.649999999999999967e-02 5.578422519676340396e-02
7.699999999999999900e-02 4.750000000000000056e-02 5.628559320538503025e-02
7.799999999999999989e-02 4.850000000000000144e-02 5.677833581679879449e-02
7.900000000000000078e-02 4.850000000000000144e-02 5.677833581679879449e-02
8.000000000000000167e-02 4.950000000000000233e-02 5.726176568189930705e-02
8.100000000000000255e-02 5.050000000000000322e-02 5.773520537888032073e-02
8.200000000000000344e-02 5.150000000000000411e-02 5.819803219020860952e-02
8.300000000000000433e-02 5.250000000000000500e-02 5.864968079413994395e-02
8.400000000000000522e-02 5.349999999999999895e-02 5.908959848846337404e-02
8.500000000000000611e-02 5.449999999999999983e-02 5.951723257168614611e-02
8.600000000000000699e-02 5.550000000000000072e-02 5.993204926482112449e-02
8.700000000000000788e-02 5.650000000000000161e-02 6.033374337259601872e-02
8.799999999999999489e-02 5.750000000000000250e-02 6.072234988502572817e-02
8.899999999999999578e-02 5.850000000000000339e-02 6.109803628818024496e-02
8.999999999999999667e-02 5.950000000000000427e-02 6.146097204010651793e-02
9.099999999999999756e-02 6.049999999999999822e-02 6.181132659889909675e-02
9.199999999999999845e-02 6.049999999999999822e-02 6.181132659889909675e-02
9.299999999999999933e-02 6.149999999999999911e-02 6.214931842430955478e-02
9.400000000000000022e-02 6.250000000000000000e-02 6.247540519196163877e-02
9.500000000000000111e-02 6.350000000000000089e-02 6.279028093980648650e-02
9.600000000000000200e-02 6.450000000000000178e-02 6.309468585386002193e-02
9.700000000000000289e-02 6.550000000000000266e-02 6.338936012013818289e-02
9.800000000000000377e-02 6.650000000000000355e-02 6.367504392465692109e-02
9.900000000000000466e-02 6.750000000000000444e-02 6.395246630027762169e-02
1.000000000000000056e-01 6.850000000000000533e-02 6.422227251619082311e-02
1.010000000000000064e-01 6.950000000000000622e-02 6.448500616735425295e-02
1.020000000000000073e-01 7.050000000000000711e-02 6.474118170793308202e-02
1.030000000000000082e-01 7.150000000000000799e-02 6.499131351501641340e-02
1.040000000000000091e-01 7.250000000000000888e-02 6.523591596569325302e-02
1.049999999999999961e-01 7.349999999999999589e-02 6.547550343605568202e-02
1.059999999999999970e-01 7.449999999999999678e-02 6.571058480779659594e-02
1.069999999999999979e-01 7.549999999999999767e-02 6.594164510305604299e-02
1.079999999999999988e-01 7.649999999999999856e-02 6.616914714408449194e-02
1.089999999999999997e-01 7.749999999999999944e-02 6.639354991939358519e-02
1.100000000000000006e-01 7.850000000000000033e-02 6.661531241749499288e-02
1.110000000000000014e-01 7.950000000000000122e-02 6.683489362690032964e-02
1.120000000000000023e-01 8.050000000000000211e-02 6.705275253612125175e-02
1.130000000000000032e-01 8.150000000000000300e-02 6.726933394119376242e-02
1.140000000000000041e-01 8.250000000000000389e-02 6.748484744036334360e-02
1.150000000000000050e-01 8.350000000000000477e-02 6.769910696407149819e-02
1.160000000000000059e-01 8.450000000000000566e-02 6.791174701756548526e-02
1.170000000000000068e-01 8.550000000000000655e-02 6.812239734338738917e-02
1.180000000000000077e-01 8.650000000000000744e-02 6.833068768407929428e-02
1.190000000000000085e-01 8.750000000000000833e-02 6.853624778218331270e-02
1.199999999999999956e-01 8.849999999999999534e-02 6.873870738024154270e-02
1.209999999999999964e-01 8.949999999999999623e-02 6.893769840482316669e-02
1.219999999999999973e-01 9.049999999999999711e-02 6.913292278786808964e-02
1.229999999999999982e-01 9.149999999999999800e-02 6.932422960829644210e-02
1.239999999999999991e-01 9.249999999999999889e-02 6.951155177327232593e-02
1.250000000000000000e-01 9.349999999999999978e-02 6.969482669256717167e-02
1.260000000000000009e-01 9.450000000000000067e-02 6.987399177595240984e-02
1.270000000000000018e-01 9.550000000000000155e-02 7.004898443319951262e-02
1.280000000000000027e-01 9.650000000000000244e-02 7.021974207407988278e-02
1.290000000000000036e-01 9.750000000000000333e-02 7.038620210836502022e-02
1.300000000000000044e-01 9.750000000000000333e-02 7.038620210836502022e-02
1.310000000000000053e-01 9.850000000000000422e-02 7.054830559739329321e-02
1.320000000000000062e-01 9.950000000000000511e-02 7.070603771340247534e-02
1.330000000000000071e-01 1.005000000000000060e-01 7.085944927582216168e-02
1.340000000000000080e-01 1.015000000000000069e-01 7.100861667248314912e-02
1.350000000000000089e-01 1.025000000000000078e-01 7.115361667175820748e-02
1.360000000000000098e-01 1.035000000000000087e-01 7.129452604202010657e-02
1.370000000000000107e-01 1.045000000000000095e-01 7.143142155164153295e-02
1.380000000000000115e-01 1.054999999999999966e-01 7.156437996899524256e-02
1.390000000000000124e-01 1.064999999999999974e-01 7.169347806245397747e-02
1.400000000000000133e-01 1.074999999999999983e-01 7.181879268309901421e-02
1.410000000000000142e-01 1.084999999999999992e-01 7.194041077245286187e-02
1.420000000000000151e-01 1.095000000000000001e-01 7.205844871627628545e-02
1.430000000000000160e-01 1.105000000000000010e-01 7.217304456996612161e-02
1.440000000000000169e-01 1.115000000000000019e-01 7.228433862204963756e-02
1.449999999999999900e-01 1.125000000000000028e-01 7.239247116105415603e-02
1.459999999999999909e-01 1.135000000000000037e-01 7.249758247550688872e-02
1.469999999999999918e-01 1.145000000000000046e-01 7.259981285393514450e-02
1.479999999999999927e-01 1.155000000000000054e-01 7.269930258486619057e-02
1.489999999999999936e-01 1.165000000000000063e-01 7.279619195682729416e-02
1.499999999999999944e-01 1.175000000000000072e-01 7.289062125834573636e-02
1.509999999999999953e-01 1.185000000000000081e-01 7.298272551916278050e-02
1.519999999999999962e-01 1.195000000000000090e-01 7.307261149303861947e-02
1.529999999999999971e-01 1.204999999999999960e-01 7.316035662091049940e-02
1.539999999999999980e-01 1.214999999999999969e-01 7.324603204793239675e-02
1.549999999999999989e-01 1.224999999999999978e-01 7.332970891910259303e-02
1.559999999999999998e-01 1.234999999999999987e-01 7.341145837941949470e-02
1.570000000000000007e-01 1.244999999999999996e-01 7.349135157388142492e-02
1.580000000000000016e-01 1.255000000000000004e-01 7.356945964748672073e-02
1.590000000000000024e-01 1.265000000000000013e-01 7.364585374523374695e-02
1.600000000000000033e-01 1.275000000000000022e-01 7.372060501212085448e-02
1.610000000000000042e-01 1.285000000000000031e-01 7.379378459314636651e-02
1.620000000000000051e-01 1.295000000000000040e-01 7.386546085674530748e-02
1.630000000000000060e-01 1.305000000000000049e-01 7.393567264846685749e-02
1.640000000000000069e-01 1.315000000000000058e-01 7.400441712018129836e-02
1.650000000000000078e-01 1.325000000000000067e-01 7.407167631310318523e-02
1.660000000000000087e-01 1.335000000000000075e-01 7.413743210514781024e-02
1.670000000000000095e-01 1.345000000000000084e-01 7.420166637423046552e-02
1.680000000000000104e-01 1.355000000000000093e-01 7.426436099826644321e-02
1.690000000000000113e-01 1.365000000000000102e-01 7.432549785517103547e-02
1.700000000000000122e-01 1.375000000000000111e-01 7.438505882285957604e-02
1.710000000000000131e-01 1.385000000000000120e-01 7.444302577924732933e-02
1.720000000000000140e-01 1.395000000000000129e-01 7.449938060224958747e-02
1.730000000000000149e-01 1.405000000000000138e-01 7.455410516978167035e-02
1.740000000000000158e-01 1.415000000000000147e-01 7.460718180793499132e-02
1.750000000000000167e-01 1.425000000000000155e-01 7.465860649219205336e-02
1.759999999999999898e-01 1.435000000000000164e-01 7.470840344112282538e-02
1.769999999999999907e-01 1.445000000000000173e-01 7.475661273344466617e-02
1.779999999999999916e-01 1.454999999999999905e-01 7.480327526614984068e-02
1.789999999999999925e-01 1.464999999999999913e-01 7.484843193623058610e-02
1.799999999999999933e-01 1.474999999999999922e-01 7.489212364067918126e-02
1.809999999999999942e-01 1.484999999999999931e-01 7.493439127648784948e-02
1.819999999999999951e-01 1.494999999999999940e-01 7.497527574064888345e-02
1.829999999999999960e-01 1.504999999999999949e-01 7.501481793015452038e-02
1.839999999999999969e-01 1.514999999999999958e-01 7.505305874199699745e-02
1.849999999999999978e-01 1.524999999999999967e-01 7.509003907316859350e-02
1.859999999999999987e-01 1.534999999999999976e-01 7.512579982066155959e-02
1.869999999999999996e-01 1.544999999999999984e-01 7.516038183695350483e-02
1.880000000000000004e-01 1.554999999999999993e-01 7.519381851679758644e-02
1.890000000000000013e-01 1.565000000000000002e-01 7.522612019997379496e-02
1.900000000000000022e-01 1.575000000000000011e-01 7.525727960060391020e-02
1.910000000000000031e-01 1.585000000000000020e-01 7.528728744891474700e-02
1.920000000000000040e-01 1.595000000000000029e-01 7.531613447513316184e-02
1.930000000000000049e-01 1.605000000000000038e-01 7.534381140948603894e-02
1.940000000000000058e-01 1.615000000000000047e-01 7.537030898220020703e-02
1.950000000000000067e-01 1.625000000000000056e-01 7.539561792350252256e-02
1.960000000000000075e-01 1.635000000000000064e-01 7.541972896361984202e-02
1.970000000000000084e-01 1.645000000000000073e-01 7.544263283277899412e-02
1.980000000000000093e-01 1.655000000000000082e-01 7.546432026120684922e-02
1.990000000000000102e-01 1.665000000000000091e-01 7.548478197913023602e-02
2.000000000000000111e-01 1.675000000000000100e-01 7.550400871677602488e-02
2.010000000000000120e-01 1.685000000000000109e-01 7.552199120451352776e-02
2.020000000000000129e-01 1.695000000000000118e-01 7.553872267646817573e-02
2.030000000000000138e-01 1.705000000000000127e-01 7.555420775427484914e-02
2.040000000000000147e-01 1.715000000000000135e-01 7.556846191307248217e-02
2.050000000000000155e-01 1.725000000000000144e-01 7.558150259760823553e-02
2.060000000000000164e-01 1.735000000000000153e-01 7.559334725262921439e-02
2.070000000000000173e-01 1.745000000000000162e-01 7.560401332288246845e-02
2.080000000000000182e-01 1.755000000000000171e-01 7.561351825311513064e-02
2.089999999999999913e-01 1.764999999999999902e-01 7.562187948807430615e-02
2.099999999999999922e-01 1.774999999999999911e-01 7.562911447250710018e-02
2.109999999999999931e-01 1.784999999999999920e-01 7.563524065116061790e-02
2.119999999999999940e-01 1.794999999999999929e-01 7.564027546878196451e-02
2.129999999999999949e-01 1.804999999999999938e-01 7.564423637011824519e-02
2.139999999999999958e-01 1.814999999999999947e-01 7.564714079991657902e-02
2.149999999999999967e-01 1.824999999999999956e-01 7.564900620292404343e-02
2.159999999999999976e-01 1.834999999999999964e-01 7.564985002388777136e-02
2.169999999999999984e-01 1.844999999999999973e-01 7.564968866866030039e-02
2.179999999999999993e-01 1.854999999999999982e-01 7.564853205367150224e-02
2.190000000000000002e-01 1.864999999999999991e-01 7.564638286347909191e-02
2.200000000000000011e-01 1.875000000000000000e-01 7.564324200029184930e-02
2.210000000000000020e-01 1.885000000000000009e-01 7.563911036531348331e-02
2.220000000000000029e-01 1.895000000000000018e-01 7.563398885974774444e-02
2.230000000000000038e-01 1.905000000000000027e-01 7.562787838479838320e-02
2.240000000000000047e-01 1.915000000000000036e-01 7.562077984166912237e-02
2.250000000000000056e-01 1.925000000000000044e-01 7.561269413156372632e-02
2.260000000000000064e-01 1.935000000000000053e-01 7.560362215568591782e-02
2.270000000000000073e-01 1.945000000000000062e-01 7.559356481523943350e-02
2.280000000000000082e-01 1.955000000000000071e-01 7.558252301142798224e-02
2.290000000000000091e-01 1.965000000000000080e-01 7.557049764545537007e-02
2.300000000000000100e-01 1.975000000000000089e-01 7.555748961852526424e-02
2.310000000000000109e-01 1.985000000000000098e-01 7.554349983184144302e-02
2.320000000000000118e-01 1.995000000000000107e-01 7.552852918660762915e-02
2.330000000000000127e-01 2.005000000000000115e-01 7.551257866074989611e-02
2.340000000000000135e-01 2.015000000000000124e-01 7.549564966554839218e-02
2.350000000000000144e-01 2.025000000000000133e-01 7.547774407246056472e-02
2.360000000000000153e-01 2.035000000000000142e-01 7.545886385650055206e-02
2.370000000000000162e-01 2.045000000000000151e-01 7.543901099269365029e-02
2.380000000000000171e-01 2.055000000000000160e-01 7.541818745606516938e-02
2.390000000000000180e-01 2.065000000000000169e-01 7.539639522164041929e-02
2.399999999999999911e-01 2.075000000000000178e-01 7.537363626444468223e-02
2.409999999999999920e-01 2.085000000000000187e-01 7.534991255950329592e-02
2.419999999999999929e-01 2.094999999999999918e-01 7.532522608184155644e-02
2.429999999999999938e-01 2.104999999999999927e-01 7.529957880648474600e-02
2.439999999999999947e-01 2.114999999999999936e-01 7.527297270845820232e-02
2.449999999999999956e-01 2.124999999999999944e-01 7.524540976278722149e-02
2.459999999999999964e-01 2.134999999999999953e-01 7.521689194449711346e-02
2.469999999999999973e-01 2.144999999999999962e-01 7.518742122861316046e-02
2.479999999999999982e-01 2.154999999999999971e-01 7.515699959016068632e-02
2.489999999999999991e-01 2.164999999999999980e-01 7.512562903016867244e-02
2.500000000000000000e-01 2.174999999999999989e-01 7.509331329683956169e-02
2.510000000000000009e-01 2.184999999999999998e-01 7.506006062426559544e-02
2.520000000000000018e-01 2.195000000000000007e-01 7.502588226078266143e-02
2.530000000000000027e-01 2.205000000000000016e-01 7.499078970425029911e-02
2.540000000000000036e-01 2.215000000000000024e-01 7.495479445252806183e-02
2.550000000000000044e-01 2.225000000000000033e-01 7.491790800347553070e-02
2.560000000000000053e-01 2.235000000000000042e-01 7.488014185495223130e-02
2.570000000000000062e-01 2.245000000000000051e-01 7.484150750481774472e-02
2.580000000000000071e-01 2.255000000000000060e-01 7.480201645093156881e-02
2.590000000000000080e-01 2.265000000000000069e-01 7.476168019115331242e-02
2.600000000000000089e-01 2.275000000000000078e-01 7.472051022334250114e-02
2.610000000000000098e-01 2.285000000000000087e-01 7.467851804535871607e-02
2.620000000000000107e-01 2.295000000000000095e-01 7.463571515506146892e-02
2.630000000000000115e-01 2.305000000000000104e-01 7.459211305031034078e-02
2.640000000000000124e-01 2.315000000000000113e-01 7.454772322896488501e-02
2.650000000000000133e-01 2.325000000000000122e-01 7.450255718888464107e-02
2.660000000000000142e-01 2.335000000000000131e-01 7.445662642500937289e-02
2.670000000000000151e-01 2.345000000000000140e-01 7.440994086458384282e-02
2.680000000000000160e-01 2.355000000000000149e-01 7.436250473020468432e-02
2.690000000000000169e-01 2.365000000000000158e-01 7.431431742779273653e-02
2.700000000000000178e-01 2.375000000000000167e-01 7.426537768646600257e-02
2.710000000000000187e-01 2.385000000000000175e-01 7.421568423534243009e-02
2.720000000000000195e-01 2.395000000000000184e-01 7.416523580353998057e-02
2.730000000000000204e-01 2.404999999999999916e-01 7.411403112017661554e-02
2.740000000000000213e-01 2.414999999999999925e-01 7.406206891437033812e-02
2.750000000000000222e-01 2.424999999999999933e-01 7.400934791523908207e-02
2.760000000000000231e-01 2.434999999999999942e-01 7.395586685190080889e-02
2.770000000000000240e-01 2.444999999999999951e-01 7.390162445347350784e-02
2.780000000000000249e-01 2.454999999999999960e-01 7.384661944907515430e-02
2.790000000000000258e-01 2.464999999999999969e-01 7.379085056782369589e-02
2.800000000000000266e-01 2.474999999999999978e-01 7.373431653883708026e-02
2.810000000000000275e-01 2.484999999999999987e-01 7.367701609123329665e-02
2.820000000000000284e-01 2.494999999999999996e-01 7.361894795413032044e-02
2.830000000000000293e-01 2.505000000000000004e-01 7.356011085664609928e-02
2.840000000000000302e-01 2.515000000000000013e-01 7.350050371260243021e-02
2.850000000000000311e-01 2.525000000000000022e-01 7.344013007504571200e-02
2.860000000000000320e-01 2.535000000000000031e-01 7.337900252380127886e-02
2.870000000000000329e-01 2.545000000000000040e-01 7.331713841920889374e-02
2.880000000000000338e-01 2.555000000000000049e-01 7.325455532986463458e-02
2.889999999999999791e-01 2.565000000000000058e-01 7.319127082436457932e-02
2.899999999999999800e-01 2.575000000000000067e-01 7.312730247130477812e-02
2.909999999999999809e-01 2.585000000000000075e-01 7.306266783928129505e-02
2.919999999999999818e-01 2.595000000000000084e-01 7.299738449689022191e-02
2.929999999999999827e-01 2.605000000000000093e-01 7.293147001272762275e-02
2.939999999999999836e-01 2.615000000000000102e-01 7.286494195538953389e-02
2.949999999999999845e-01 2.625000000000000111e-01 7.279781789347206100e-02
2.959999999999999853e-01 2.635000000000000120e-01 7.273011539557125427e-02
2.969999999999999862e-01 2.645000000000000129e-01 7.266185203028319162e-02
2.979999999999999871e-01 2.655000000000000138e-01 7.259304536620393711e-02
2.989999999999999880e-01 2.665000000000000147e-01 7.252371297192956867e-02
2.999999999999999889e-01 2.675000000000000155e-01 7.245387241605613649e-02
3.009999999999999898e-01 2.685000000000000164e-01 7.238354126717971848e-02
3.019999999999999907e-01 2.695000000000000173e-01 7.231273705136143093e-02
3.029999999999999916e-01 2.705000000000000182e-01 7.224147443676245950e-02
3.039999999999999925e-01 2.715000000000000191e-01 7.216976075384987088e-02
3.049999999999999933e-01 2.725000000000000200e-01 7.209759840260897279e-02
3.059999999999999942e-01 2.735000000000000209e-01 7.202498937487233910e-02
3.069999999999999951e-01 2.745000000000000218e-01 7.195193566247251593e-02
3.079999999999999960e-01 2.755000000000000226e-01 7.187843925724204941e-02
3.089999999999999969e-01 2.765000000000000235e-01 7.180450215101351341e-02
3.099999999999999978e-01 2.775000000000000244e-01 7.173012633561945406e-02
3.109999999999999987e-01 2.785000000000000253e-01 7.165531380289243135e-02
3.119999999999999996e-01 2.795000000000000262e-01 7.158006654466500529e-02
3.130000000000000004e-01 2.805000000000000271e-01 7.150438655276972200e-02
3.140000000000000013e-01 2.815000000000000280e-01 7.142827581903915535e-02
3.150000000000000022e-01 2.825000000000000289e-01 7.135173633530583759e-02
3.160000000000000031e-01 2.835000000000000298e-01 7.127477009340235647e-02
3.170000000000000040e-01 2.845000000000000306e-01 7.119737908516124425e-02
3.180000000000000049e-01 2.855000000000000315e-01 7.111956530241506091e-02
3.190000000000000058e-01 2.865000000000000324e-01 7.104133073699638035e-02
3.200000000000000067e-01 2.875000000000000333e-01 7.096267738073773479e-02
3.210000000000000075e-01 2.885000000000000342e-01 7.088360734222796944e-02
3.220000000000000084e-01 2.894999999999999796e-01 7.080412474008858370e-02
3.230000000000000093e-01 2.904999999999999805e-01 7.072423712228839698e-02
3.240000000000000102e-01 2.914999999999999813e-01 7.064395361720185451e-02
3.250000000000000111e-01 2.924999999999999822e-01 7.056328339753813184e-02
3.260000000000000120e-01 2.934999999999999831e-01 7.048223563600641839e-02
3.270000000000000129e-01 2.944999999999999840e-01 7.040081950531590360e-02
3.280000000000000138e-01 2.954999999999999849e-01 7.031904417817574915e-02
3.290000000000000147e-01 2.964999999999999858e-01 7.023691882729513059e-02
3.300000000000000155e-01 2.974999999999999867e-01 7.015445262538325122e-02
3.310000000000000164e-01 2.984999999999999876e-01 7.007165474514928660e-02
3.320000000000000173e-01 2.994999999999999885e-01 6.998853435930238454e-02
3.330000000000000182e-01 3.004999999999999893e-01 6.990510064055174833e-02
3.340000000000000191e-01 3.014999999999999902e-01 6.982136276160655353e-02
3.350000000000000200e-01 3.024999999999999911e-01 6.973732989517600345e-02
3.360000000000000209e-01 3.034999999999999920e-01 6.965301121396923201e-02
3.370000000000000218e-01 3.044999999999999929e-01 6.956841589069542864e-02
3.380000000000000226e-01 3.054999999999999938e-01 6.948355309806381053e-02
3.390000000000000235e-01 3.064999999999999947e-01 6.939843200878353935e-02
3.400000000000000244e-01 3.074999999999999956e-01 6.931306179436802495e-02
3.410000000000000253e-01 3.084999999999999964e-01 6.922745144703637554e-02
3.420000000000000262e-01 3.094999999999999973e-01 6.914160941540466176e-02
3.430000000000000271e-01 3.104999999999999982e-01 6.905554373771760623e-02
3.440000000000000280e-01 3.114999999999999991e-01 6.896926240735293256e-02
3.450000000000000289e-01 3.125000000000000000e-01 6.888277341768833661e-02
3.460000000000000298e-01 3.135000000000000009e-01 6.879608476210155588e-02
3.470000000000000306e-01 3.145000000000000018e-01 6.870920443397035560e-02
3.480000000000000315e-01 3.155000000000000027e-01 6.862214042667244551e-02
3.490000000000000324e-01 3.165000000000000036e-01 6.853490073358553536e-02
3.500000000000000333e-01 3.175000000000000044e-01 6.844749334808736263e-02
3.510000000000000342e-01 3.185000000000000053e-01 6.835992626355566482e-02
3.519999999999999796e-01 3.195000000000000062e-01 6.827220747336815165e-02
3.529999999999999805e-01 3.205000000000000071e-01 6.818434497090256063e-02
3.539999999999999813e-01 3.215000000000000080e-01 6.809634674953662925e-02
3.549999999999999822e-01 3.225000000000000089e-01 6.800822080264806724e-02
3.559999999999999831e-01 3.235000000000000098e-01 6.791997512361461209e-02
3.569999999999999840e-01 3.245000000000000107e-01 6.783161770581398742e-02
3.579999999999999849e-01 3.255000000000000115e-01 6.774315654262393072e-02
3.589999999999999858e-01 3.265000000000000124e-01 6.765459962742216560e-02
3.599999999999999867e-01 3.275000000000000133e-01 6.756595493074561698e-02
3.609999999999999876e-01 3.285000000000000142e-01 6.747722888847047795e-02
3.619999999999999885e-01 3.295000000000000151e-01 6.738842399621225443e-02
3.629999999999999893e-01 3.305000000000000160e-01 6.729954010197217174e-02
3.639999999999999902e-01 3.315000000000000169e-01 6.721057683457794252e-02
3.649999999999999911e-01 3.325000000000000178e-01 6.712153382285722392e-02
3.659999999999999920e-01 3.335000000000000187e-01 6.703241069563772858e-02
3.669999999999999929e-01 3.345000000000000195e-01 6.694320708174712753e-02
3.679999999999999938e-01 3.355000000000000204e-01 6.685392261001311953e-02
3.689999999999999947e-01 3.365000000000000213e-01 6.676455690926341724e-02
3.699999999999999956e-01 3.375000000000000222e-01 6.667510960832570555e-02
3.709999999999999964e-01 3.385000000000000231e-01 6.658558033602765547e-02
3.719999999999999973e-01 3.395000000000000240e-01 6.649596872119700741e-02
3.729999999999999982e-01 3.405000000000000249e-01 6.640627439266141852e-02
3.739999999999999991e-01 3.415000000000000258e-01 6.631649697924857367e-02
3.750000000000000000e-01 3.425000000000000266e-01 6.622663610978618554e-02
3.760000000000000009e-01 3.435000000000000275e-01 6.613669141310193900e-02
3.770000000000000018e-01 3.445000000000000284e-01 6.604666251802354671e-02
3.780000000000000027e-01 3.455000000000000293e-01 6.595654905337869356e-02
3.790000000000000036e-01 3.465000000000000302e-01 6.586635064799503669e-02
3.800000000000000044e-01 3.475000000000000311e-01 6.577606693070031652e-02
3.810000000000000053e-01 3.485000000000000320e-01 6.568569800581657014e-02
3.820000000000000062e-01 3.495000000000000329e-01 6.559524641306502257e-02
3.830000000000000071e-01 3.505000000000000338e-01 6.550471715696803976e-02
3.840000000000000080e-01 3.515000000000000346e-01 6.541411574694475095e-02
3.850000000000000089e-01 3.524999999999999800e-01 6.532344769241486826e-02
3.860000000000000098e-01 3.534999999999999809e-01 6.523271850279804829e-02
3.870000000000000107e-01 3.544999999999999818e-01 6.514193368751396152e-02
3.880000000000000115e-01 3.554999999999999827e-01 6.505109875598227842e-02
3.890000000000000124e-01 3.564999999999999836e-01 6.496021921762265561e-02
3.900000000000000133e-01 3.574999999999999845e-01 6.486930058185480519e-02
3.910000000000000142e-01 3.584999999999999853e-01 6.477834835809836989e-02
3.920000000000000151e-01 3.594999999999999862e-01 6.468736805577304794e-02
3.930000000000000160e-01 3.604999999999999871e-01 6.459636518429845431e-02
3.940000000000000169e-01 3.614999999999999880e-01 6.450534525309434275e-02
3.950000000000000178e-01 3.624999999999999889e-01 6.441431377158032823e-02
3.960000000000000187e-01 3.634999999999999898e-01 6.432327624917608122e-02
3.970000000000000195e-01 3.644999999999999907e-01 6.423223819530129997e-02
3.980000000000000204e-01 3.654999999999999916e-01 6.414120511937565494e-02
3.990000000000000213e-01 3.664999999999999925e-01 6.405018253081881663e-02
4.000000000000000222e-01 3.674999999999999933e-01 6.395917593905042775e-02
4.010000000000000231e-01 3.684999999999999942e-01 6.386819083935955932e-02
4.020000000000000240e-01 3.694999999999999951e-01 6.377723219469191851e-02
4.030000000000000249e-01 3.704999999999999960e-01 6.368630379407166919e-02
4.040000000000000258e-01 3.714999999999999969e-01 6.359540872870592110e-02
4.050000000000000266e-01 3.724999999999999978e-01 6.350455004769356426e-02
4.060000000000000275e-01 3.734999999999999987e-01 6.341373080013350261e-02
4.070000000000000284e-01 3.744999999999999996e-01 6.332295403512464005e-02
4.080000000000000293e-01 3.755000000000000004e-01 6.323222280176588050e-02
4.090000000000000302e-01 3.765000000000000013e-01 6.314154014915610014e-02
4.100000000000000311e-01 3.775000000000000022e-01 6.305090912639424450e-02
4.110000000000000320e-01 3.785000000000000031e-01 6.296033278257920363e-02
4.120000000000000329e-01 3.795000000000000040e-01 6.286981416680988144e-02
4.130000000000000338e-01 3.805000000000000049e-01 6.277935632818515410e-02
4.140000000000000346e-01 3.815000000000000058e-01 6.268896231580395328e-02
4.150000000000000355e-01 3.825000000000000067e-01 6.259863517876518291e-02
4.160000000000000364e-01 3.835000000000000075e-01 6.250837796616771913e-02
4.169999999999999818e-01 3.845000000000000084e-01 6.241819372711049363e-02
4.179999999999999827e-01 3.855000000000000093e-01 6.232808551069238256e-02
4.189999999999999836e-01 3.865000000000000102e-01 6.223805636601230373e-02
4.199999999999999845e-01 3.875000000000000111e-01 6.214810934216916105e-02
4.209999999999999853e-01 3.885000000000000120e-01 6.205824748826184456e-02
4.219999999999999862e-01 3.895000000000000129e-01 6.196847378306230558e-02
4.229999999999999871e-01 3.905000000000000138e-01 6.187879050205327691e-02
4.239999999999999880e-01 3.915000000000000147e-01 6.178919895278967012e-02
4.249999999999999889e-01 3.925000000000000155e-01 6.169970010481042044e-02
4.259999999999999898e-01 3.935000000000000164e-01 6.161029492460410456e-02
4.269999999999999907e-01 3.945000000000000173e-01 6.152098437865929914e-02
4.279999999999999916e-01 3.955000000000000182e-01 6.143176943346462943e-02
4.289999999999999925e-01 3.965000000000000191e-01 6.134265105550866515e-02
4.299999999999999933e-01 3.975000000000000200e-01 6.125363021128001073e-02
4.309999999999999942e-01 3.985000000000000209e-01 6.116470786726722897e-02
4.319999999999999951e-01 3.995000000000000218e-01 6.107588498995893123e-02
4.329999999999999960e-01 4.005000000000000226e-01 6.098716254584371499e-02
4.339999999999999969e-01 4.015000000000000235e-01 6.089854150141016387e-02
4.349999999999999978e-01 4.025000000000000244e-01 6.081002282314685453e-02
4.359999999999999987e-01 4.035000000000000253e-01 6.072160747754239141e-02
4.369999999999999996e-01 4.045000000000000262e-01 6.063329643108536504e-02
4.380000000000000004e-01 4.055000000000000271e-01 6.054509065026436598e-02
4.390000000000000013e-01 4.065000000000000280e-01 6.045699110156797784e-02
4.400000000000000022e-01 4.075000000000000289e-01 6.036899875148479810e-02
4.410000000000000031e-01 4.085000000000000298e-01 6.028111456650342426e-02
4.420000000000000040e-01 4.095000000000000306e-01 6.019333951347891065e-02
4.430000000000000049e-01 4.105000000000000315e-01 6.010567485612937355e-02
4.440000000000000058e-01 4.115000000000000324e-01 6.001812298578011046e-02
4.450000000000000067e-01 4.125000000000000333e-01 5.993068726939618923e-02
4.460000000000000075e-01 4.135000000000000342e-01 5.984337121847188579e-02
4.470000000000000084e-01 4.145000000000000351e-01 5.975617834450146215e-02
4.480000000000000093e-01 4.155000000000000360e-01 5.966911215897918036e-02
4.490000000000000102e-01 4.165000000000000369e-01 5.958217617339929550e-02
4.500000000000000111e-01 4.174999999999999822e-01 5.949537389925607656e-02
4.510000000000000120e-01 4.184999999999999831e-01 5.940870884804380636e-02
4.520000000000000129e-01 4.194999999999999840e-01 5.932218453125672614e-02
4.530000000000000138e-01 4.204999999999999849e-01 5.923580446038910485e-02
4.540000000000000147e-01 4.214999999999999858e-01 5.914957214693521148e-02
4.550000000000000155e-01 4.224999999999999867e-01 5.906349110238930111e-02
4.560000000000000164e-01 4.234999999999999876e-01 5.897756483824563578e-02
4.570000000000000173e-01 4.244999999999999885e-01 5.889179686599849139e-02
4.580000000000000182e-01 4.254999999999999893e-01 5.880619069714212999e-02
4.590000000000000191e-01 4.264999999999999902e-01 5.872074984317078583e-02
4.600000000000000200e-01 4.274999999999999911e-01 5.863547781557876259e-02
4.610000000000000209e-01 4.284999999999999920e-01 5.855037812586032231e-02
4.620000000000000218e-01 4.294999999999999929e-01 5.846545428550969925e-02
4.630000000000000226e-01 4.304999999999999938e-01 5.838070964362307436e-02
4.640000000000000235e-01 4.314999999999999947e-01 5.829614505063357432e-02
4.650000000000000244e-01 4.324999999999999956e-01 5.821175726899337904e-02
4.660000000000000253e-01 4.334999999999999964e-01 5.812754126699776203e-02
4.670000000000000262e-01 4.344999999999999973e-01 5.804349197050102938e-02
4.680000000000000271e-01 4.354999999999999982e-01 5.795960430535749414e-02
4.690000000000000280e-01 4.364999999999999991e-01 5.787587319742146241e-02
4.700000000000000289e-01 4.375000000000000000e-01 5.779229357254724031e-02
4.710000000000000298e-01 4.385000000000000009e-01 5.770886035658913393e-02
4.720000000000000306e-01 4.395000000000000018e-01 5.762556847540146326e-02
4.730000000000000315e-01 4.405000000000000027e-01 5.754241285483852747e-02
4.740000000000000324e-01 4.415000000000000036e-01 5.745938842075462571e-02
4.750000000000000333e-01 4.425000000000000044e-01 5.737649009900408492e-02
4.760000000000000342e-01 4.435000000000000053e-01 5.729371281544119732e-02
4.770000000000000351e-01 4.445000000000000062e-01 5.721105149592026901e-02
4.780000000000000360e-01 4.455000000000000071e-01 5.712850106629561997e-02
4.790000000000000369e-01 4.465000000000000080e-01 5.704605645242154244e-02
4.799999999999999822e-01 4.475000000000000089e-01 5.696371258015235639e-02
4.809999999999999831e-01 4.485000000000000098e-01 5.688146437534237487e-02
4.819999999999999840e-01 4.495000000000000107e-01 5.679930676384589705e-02
4.829999999999999849e-01 4.505000000000000115e-01 5.671723466041679595e-02
4.839999999999999858e-01 4.515000000000000124e-01 5.663524203606369600e-02
4.849999999999999867e-01 4.525000000000000133e-01 5.655332030494864687e-02
4.859999999999999876e-01 4.535000000000000142e-01 5.647145909413188447e-02
4.869999999999999885e-01 4.545000000000000151e-01 5.638964786777361099e-02
4.879999999999999893e-01 4.545000000000000151e-01 5.638964786777361099e-02
4.889999999999999902e-01 4.555000000000000160e-01 5.630787609003404248e-02
4.899999999999999911e-01 4.565000000000000169e-01 5.622613322507336725e-02
4.909999999999999920e-01 4.575000000000000178e-01 5.614440873705180135e-02
4.919999999999999929e-01 4.585000000000000187e-01 5.606269209012951227e-02
4.929999999999999938e-01 4.595000000000000195e-01 5.598097274846675075e-02
4.939999999999999947e-01 4.605000000000000204e-01 5.589924017622369817e-02
4.949999999999999956e-01 4.615000000000000213e-01 5.581748383756054976e-02
4.959999999999999964e-01 4.625000000000000222e-01 5.573569319663752852e-02
4.969999999999999973e-01 4.635000000000000231e-01 5.565385771761481581e-02
4.979999999999999982e-01 4.645000000000000240e-01 5.557196686465264157e-02
4.989999999999999991e-01 4.655000000000000249e-01 5.549001010191118022e-02
5.000000000000000000e-01 4.665000000000000258e-01 5.540797689355064781e-02
5.010000000000000009e-01 4.675000000000000266e-01 5.532585670373124653e-02
5.020000000000000018e-01 4.685000000000000275e-01 5.524363899661319244e-02
5.030000000000000027e-01 4.695000000000000284e-01 5.516131323635666689e-02
5.040000000000000036e-01 4.705000000000000293e-01 5.507886888903408551e-02
5.050000000000000044e-01 4.715000000000000302e-01 5.499629627667546039e-02
5.060000000000000053e-01 4.725000000000000311e-01 5.491358877091653823e-02
5.070000000000000062e-01 4.735000000000000320e-01 5.483074228690305862e-02
5.080000000000000071e-01 4.745000000000000329e-01 5.474775308773042332e-02
5.090000000000000080e-01 4.755000000000000338e-01 5.466461743649403404e-02
5.100000000000000089e-01 4.765000000000000346e-01 5.458133159628930642e-02
5.110000000000000098e-01 4.775000000000000355e-01 5.449789183021164912e-02
5.120000000000000107e-01 4.785000000000000364e-01 5.441429440135646389e-02
5.130000000000000115e-01 4.795000000000000373e-01 5.433053557281915247e-02
5.140000000000000124e-01 4.804999999999999827e-01 5.424661160769514434e-02
5.150000000000000133e-01 4.814999999999999836e-01 5.416251876907982044e-02
5.160000000000000142e-01 4.824999999999999845e-01 5.407825332006861024e-02
5.170000000000000151e-01 4.834999999999999853e-01 5.399381152375690163e-02
5.180000000000000160e-01 4.844999999999999862e-01 5.390918964324010326e-02
5.190000000000000169e-01 4.854999999999999871e-01 5.382438394161363771e-02
5.200000000000000178e-01 4.864999999999999880e-01 5.373939068197290669e-02
5.210000000000000187e-01 4.874999999999999889e-01 5.365420612741331891e-02
5.220000000000000195e-01 4.884999999999999898e-01 5.356882654103026220e-02
5.230000000000000204e-01 4.894999999999999907e-01 5.348324818591916607e-02
5.240000000000000213e-01 4.904999999999999916e-01 5.339746732144044078e-02
5.250000000000000222e-01 4.914999999999999925e-01 5.331147916591396502e-02
5.260000000000000231e-01 4.924999999999999933e-01 5.322527545193209142e-02
5.270000000000000240e-01 4.934999999999999942e-01 5.313884511055312621e-02
5.280000000000000249e-01 4.944999999999999951e-01 5.305217671972327353e-02
5.290000000000000258e-01 4.954999999999999960e-01 5.296525885738870287e-02
5.300000000000000266e-01 4.964999999999999969e-01 5.287808010149563920e-02
5.310000000000000275e-01 4.974999999999999978e-01 5.279062902999026585e-02
5.320000000000000284e-01 4.984999999999999987e-01 5.270289422081878700e-02
5.330000000000000293e-01 4.994999999999999996e-01 5.261486425192739985e-02
5.340000000000000302e-01 5.004999999999999449e-01 5.252652770126228776e-02
5.350000000000000311e-01 5.014999999999999458e-01 5.243787314676966876e-02
5.360000000000000320e-01 5.024999999999999467e-01 5.234888916639572620e-02
5.370000000000000329e-01 5.034999999999999476e-01 5.225956433808665036e-02
5.380000000000000338e-01 5.044999999999999485e-01 5.216988723978864539e-02
5.390000000000000346e-01 5.054999999999999494e-01 5.207984644944790853e-02
5.400000000000000355e-01 5.064999999999999503e-01 5.198943054501063699e-02
5.410000000000000364e-01 5.074999999999999512e-01 5.189862810442302798e-02
5.420000000000000373e-01 5.084999999999999520e-01 5.180742770563127181e-02
5.430000000000000382e-01 5.094999999999999529e-01 5.171581792658156568e-02
5.440000000000000391e-01 5.104999999999999538e-01 5.162378740473645700e-02
5.450000000000000400e-01 5.114999999999999547e-01 5.153132801434490151e-02
5.460000000000000409e-01 5.124999999999999556e-01 5.143843951773947876e-02
5.470000000000000417e-01 5.134999999999999565e-01 5.134512676928318364e-02
5.480000000000000426e-01 5.144999999999999574e-01 5.125139500455583308e-02
5.490000000000000435e-01 5.154999999999999583e-01 5.115724945913731336e-02
5.500000000000000444e-01 5.164999999999999591e-01 5.106269536860745528e-02
5.510000000000000453e-01 5.174999999999999600e-01 5.096773796854612432e-02
5.520000000000000462e-01 5.184999999999999609e-01 5.087238249453317207e-02
5.530000000000000471e-01 5.194999999999999618e-01 5.077663418214846403e-02
5.540000000000000480e-01 5.204999999999999627e-01 5.068049826697185178e-02
5.550000000000000488e-01 5.214999999999999636e-01 5.058397998458318001e-02
5.560000000000000497e-01 5.224999999999999645e-01 5.048708457056230725e-02
5.570000000000000506e-01 5.234999999999999654e-01 5.038981726048909204e-02
5.580000000000000515e-01 5.244999999999999662e-01 5.029218328994339293e-02
5.590000000000000524e-01 5.254999999999999671e-01 5.019418789450504764e-02
5.600000000000000533e-01 5.264999999999999680e-01 5.009583630975393553e-02
5.610000000000000542e-01 5.274999999999999689e-01 4.999713377126989433e-02
5.620000000000000551e-01 5.284999999999999698e-01 4.989808551463278952e-02
5.630000000000000560e-01 5.294999999999999707e-01 4.979869677542246575e-02
5.640000000000000568e-01 5.304999999999999716e-01 4.969897290396867867e-02
5.650000000000000577e-01 5.314999999999999725e-01 4.959892101614728210e-02
5.660000000000000586e-01 5.324999999999999734e-01 4.949855111638641614e-02
5.670000000000000595e-01 5.334999999999999742e-01 4.939787447685886623e-02
5.680000000000000604e-01 5.344999999999999751e-01 4.929690239972605442e-02
5.690000000000000613e-01 5.354999999999999760e-01 4.919564618714941662e-02
5.700000000000000622e-01 5.364999999999999769e-01 4.909411714129037485e-02
5.710000000000000631e-01 5.374999999999999778e-01 4.899232656431035116e-02
5.720000000000000639e-01 5.384999999999999787e-01 4.889028575837076063e-02
5.730000000000000648e-01 5.394999999999999796e-01 4.878800602563303224e-02
5.740000000000000657e-01 5.404999999999999805e-01 4.868549866825859496e-02
5.750000000000000666e-01 5.414999999999999813e-01 4.858277498840888470e-02
5.760000000000000675e-01 5.424999999999999822e-01 4.847984628824530962e-02
5.769999999999999574e-01 5.434999999999999831e-01 4.837672386992930562e-02
5.779999999999999583e-01 5.444999999999999840e-01 4.827341903562228087e-02
5.789999999999999591e-01 5.454999999999999849e-01 4.816994308748567821e-02
5.799999999999999600e-01 5.464999999999999858e-01 4.806630732768091274e-02
5.809999999999999609e-01 5.474999999999999867e-01 4.796252305836942037e-02
5.819999999999999618e-01 5.484999999999999876e-01 4.785860158171261619e-02
5.829999999999999627e-01 5.494999999999999885e-01 4.775455419987192224e-02
5.839999999999999636e-01 5.504999999999999893e-01 4.765039222428769927e-02
5.849999999999999645e-01 5.514999999999999902e-01 4.754612702903740495e-02
5.859999999999999654e-01 5.524999999999999911e-01 4.744177006059209500e-02
5.869999999999999662e-01 5.534999999999999920e-01 4.733733278448176707e-02
5.879999999999999671e-01 5.544999999999999929e-01 4.723282666625990694e-02
5.889999999999999680e-01 5.554999999999999938e-01 4.712826317148003513e-02
5.899999999999999689e-01 5.564999999999999947e-01 4.702365376569564437e-02
5.909999999999999698e-01 5.574999999999999956e-01 4.691900991446024127e-02
5.919999999999999707e-01 5.584999999999999964e-01 4.681434308332733940e-02
5.929999999999999716e-01 5.594999999999999973e-01 4.670966473785043149e-02
5.939999999999999725e-01 5.604999999999999982e-01 4.660498634358303804e-02
5.949999999999999734e-01 5.614999999999999991e-01 4.650031936607864486e-02
5.959999999999999742e-01 5.625000000000000000e-01 4.639567527089077936e-02
5.969999999999999751e-01 5.635000000000000009e-01 4.629106552357295512e-02
5.979999999999999760e-01 5.645000000000000018e-01 4.618650158967866487e-02
5.989999999999999769e-01 5.655000000000000027e-01 4.608199493476139441e-02
5.999999999999999778e-01 5.665000000000000036e-01 4.597755702437467812e-02
6.009999999999999787e-01 5.675000000000000044e-01 4.587319932407200873e-02
6.019999999999999796e-01 5.685000000000000053e-01 4.576893329940688593e-02
6.029999999999999805e-01 5.695000000000000062e-01 4.566477041584660057e-02
6.039999999999999813e-01 5.705000000000000071e-01 4.556072183114678181e-02
6.049999999999999822e-01 5.715000000000000080e-01 4.545679739698779698e-02
6.059999999999999831e-01 5.725000000000000089e-01 4.535300576438847098e-02
6.069999999999999840e-01 5.735000000000000098e-01 4.524935538215589526e-02
6.079999999999999849e-01 5.745000000000000107e-01 4.514585469909712656e-02
6.089999999999999858e-01 5.755000000000000115e-01 4.504251216401922164e-02
6.099999999999999867e-01 5.765000000000000124e-01 4.493933622572925113e-02
6.109999999999999876e-01 5.774999999999999023e-01 4.483633533303428564e-02
6.119999999999999885e-01 5.784999999999999032e-01 4.473351793474138888e-02
6.129999999999999893e-01 5.794999999999999041e-01 4.463089247965762452e-02
6.139999999999999902e-01 5.804999999999999050e-01 4.452846741659007013e-02
6.149999999999999911e-01 5.814999999999999059e-01 4.442625119434577552e-02
6.159999999999999920e-01 5.824999999999999067e-01 4.432425226173181132e-02
6.169999999999999929e-01 5.834999999999999076e-01 4.422247906755525509e-02
6.179999999999999938e-01 5.844999999999999085e-01 4.412094006062317053e-02
6.189999999999999947e-01 5.854999999999999094e-01 4.401964368974262132e-02
6.199999999999999956e-01 5.864999999999999103e-01 4.391859840372066420e-02
6.209999999999999964e-01 5.874999999999999112e-01 4.381781265136438369e-02
6.219999999999999973e-01 5.884999999999999121e-01 4.371729488148083653e-02
6.229999999999999982e-01 5.894999999999999130e-01 4.361705354059690343e-02
6.239999999999999991e-01 5.904999999999999138e-01 4.351709558455520155e-02
6.250000000000000000e-01 5.914999999999999147e-01 4.341742242775344096e-02
6.260000000000000009e-01 5.924999999999999156e-01 4.331803074811472337e-02
6.270000000000000018e-01 5.934999999999999165e-01 4.321891654012830625e-02
6.280000000000000027e-01 5.944999999999999174e-01 4.312007579828348869e-02
6.290000000000000036e-01 5.954999999999999183e-01 4.302150451706956980e-02
6.300000000000000044e-01 5.964999999999999192e-01 4.292319869097584173e-02
6.310000000000000053e-01 5.974999999999999201e-01 4.282515431449159665e-02
6.320000000000000062e-01 5.984999999999999210e-01 4.272736738210611285e-02
6.330000000000000071e-01 5.994999999999999218e-01 4.262983388830869635e-02
6.340000000000000080e-01 6.004999999999999227e-01 4.253254982758862546e-02
6.350000000000000089e-01 6.014999999999999236e-01 4.243551119443518538e-02
6.360000000000000098e-01 6.024999999999999245e-01 4.233871398333767522e-02
6.370000000000000107e-01 6.034999999999999254e-01 4.224215418878538714e-02
6.380000000000000115e-01 6.044999999999999263e-01 4.214582780526760636e-02
6.390000000000000124e-01 6.054999999999999272e-01 4.204973082727363198e-02
6.400000000000000133e-01 6.064999999999999281e-01 4.195385924929273536e-02
6.410000000000000142e-01 6.074999999999999289e-01 4.185820906581422945e-02
6.420000000000000151e-01 6.084999999999999298e-01 4.176277627132739950e-02
6.430000000000000160e-01 6.094999999999999307e-01 4.166755686032153072e-02
6.440000000000000169e-01 6.104999999999999316e-01 4.157254659751246501e-02
6.450000000000000178e-01 6.114999999999999325e-01 4.147774009874879986e-02
6.460000000000000187e-01 6.124999999999999334e-01 4.138313083101192308e-02
6.470000000000000195e-01 6.134999999999999343e-01 4.128871203150975139e-02
6.480000000000000204e-01 6.144999999999999352e-01 4.119447693745018763e-02
6.490000000000000213e-01 6.154999999999999361e-01 4.110041878604115545e-02
6.500000000000000222e-01 6.164999999999999369e-01 4.100653081449058546e-02
6.510000000000000231e-01 6.174999999999999378e-01 4.091280626000640130e-02
6.520000000000000240e-01 6.184999999999999387e-01 4.081923835979651971e-02
6.530000000000000249e-01 6.194999999999999396e-01 4.072582035106885046e-02
6.540000000000000258e-01 6.204999999999999405e-01 4.063254547103132414e-02
6.550000000000000266e-01 6.214999999999999414e-01 4.053940695689185747e-02
6.560000000000000275e-01 6.224999999999999423e-01 4.044639804585836718e-02
6.570000000000000284e-01 6.234999999999999432e-01 4.035351197513878385e-02
6.580000000000000293e-01 6.244999999999999440e-01 4.026074198194101728e-02
6.590000000000000302e-01 6.254999999999999449e-01 4.016808130347299111e-02
6.600000000000000311e-01 6.264999999999999458e-01 4.007552317694263594e-02
6.610000000000000320e-01 6.274999999999999467e-01 3.998306083955786155e-02
6.620000000000000329e-01 6.284999999999999476e-01 3.989068752852657773e-02
6.630000000000000338e-01 6.294999999999999485e-01 3.979839648105672201e-02
6.640000000000000346e-01 6.304999999999999494e-01 3.970618102765303969e-02
6.650000000000000355e-01 6.314999999999999503e-01 3.961403574501450031e-02
6.660000000000000364e-01 6.324999999999999512e-01 3.952195714032427643e-02
6.670000000000000373e-01 6.334999999999999520e-01 3.942994251291803698e-02
6.680000000000000382e-01 6.344999999999999529e-01 3.933798917669714679e-02
6.690000000000000391e-01 6.354999999999999538e-01 3.924609444556292903e-02
6.700000000000000400e-01 6.364999999999999547e-01 3.915425563341676241e-02
6.710000000000000409e-01 6.374999999999999556e-01 3.906247005415999785e-02
6.720000000000000417e-01 6.384999999999999565e-01 3.897073502169397935e-02
6.730000000000000426e-01 6.394999999999999574e-01 3.887904784992006479e-02
6.740000000000000435e-01 6.404999999999999583e-01 3.878740585273961206e-02
6.750000000000000444e-01 6.414999999999999591e-01 3.869580634405397207e-02
6.760000000000000453e-01 6.424999999999999600e-01 3.860424663776448884e-02
6.770000000000000462e-01 6.434999999999999609e-01 3.851272404777253411e-02
6.780000000000000471e-01 6.444999999999999618e-01 3.842123588797945188e-02
6.790000000000000480e-01 6.454999999999999627e-01 3.832977947228657922e-02
6.800000000000000488e-01 6.464999999999999636e-01 3.823835211459528788e-02
6.810000000000000497e-01 6.474999999999999645e-01 3.814695112880693573e-02
6.820000000000000506e-01 6.484999999999999654e-01 3.805557382882285983e-02
6.830000000000000515e-01 6.494999999999999662e-01 3.796421752854441806e-02
6.840000000000000524e-01 6.504999999999999671e-01 3.787287954048355193e-02
6.850000000000000533e-01 6.514999999999999680e-01 3.778155643114447515e-02
6.860000000000000542e-01 6.524999999999999689e-01 3.769024205240160963e-02
6.870000000000000551e-01 6.534999999999999698e-01 3.759892796405259197e-02
6.880000000000000560e-01 6.544999999999999707e-01 3.750760540382980235e-02
6.890000000000000568e-01 6.554999999999999716e-01 3.741626560946553770e-02
6.900000000000000577e-01 6.564999999999999725e-01 3.732489981869215045e-02
6.910000000000000586e-01 6.574999999999999734e-01 3.723349926924197917e-02
6.920000000000000595e-01 6.584999999999999742e-01 3.714205519884736240e-02
6.930000000000000604e-01 6.594999999999999751e-01 3.705055884524063869e-02
6.940000000000000613e-01 6.604999999999999760e-01 3.695900144615413274e-02
6.950000000000000622e-01 6.614999999999999769e-01 3.686737423932019697e-02
6.960000000000000631e-01 6.624999999999999778e-01 3.677566846247116300e-02
6.970000000000000639e-01 6.634999999999999787e-01 3.668387535333936245e-02
6.980000000000000648e-01 6.644999999999999796e-01 3.659198614965714774e-02
6.990000000000000657e-01 6.654999999999999805e-01 3.649999208915684357e-02
7.000000000000000666e-01 6.664999999999999813e-01 3.640788440957079541e-02
7.010000000000000675e-01 6.674999999999999822e-01 3.631565434863133490e-02
7.020000000000000684e-01 6.684999999999999831e-01 3.622329314407080059e-02
7.030000000000000693e-01 6.694999999999999840e-01 3.613079203362153102e-02
7.039999999999999591e-01 6.704999999999999849e-01 3.603814225501586477e-02
7.049999999999999600e-01 6.714999999999999858e-01 3.594533517501476844e-02
7.059999999999999609e-01 6.724999999999999867e-01 3.585236466126631716e-02
7.069999999999999618e-01 6.734999999999999876e-01 3.575922903489377191e-02
7.079999999999999627e-01 6.744999999999999885e-01 3.566592876930720774e-02
7.089999999999999636e-01 6.754999999999999893e-01 3.557246440858677361e-02
7.099999999999999645e-01 6.764999999999999902e-01 3.547883649681263241e-02
7.109999999999999654e-01 6.774999999999999911e-01 3.538504557806494699e-02
7.119999999999999662e-01 6.784999999999999920e-01 3.529109219642385942e-02
7.129999999999999671e-01 6.784999999999999920e-01 3.529109219642385942e-02
7.139999999999999680e-01 6.794999999999999929e-01 3.519697689596953255e-02
7.149999999999999689e-01 6.804999999999999938e-01 3.510270022078211538e-02
7.159999999999999698e-01 6.814999999999999947e-01 3.500826271494177078e-02
7.169999999999999707e-01 6.824999999999999956e-01 3.491366492252866160e-02
7.179999999999999716e-01 6.834999999999999964e-01 3.481890738762292992e-02
7.189999999999999725e-01 6.844999999999999973e-01 3.472399065430473858e-02
7.199999999999999734e-01 6.854999999999999982e-01 3.462891526665423658e-02
7.209999999999999742e-01 6.864999999999999991e-01 3.453368176875160067e-02
7.219999999999999751e-01 6.875000000000000000e-01 3.443829070467696596e-02
7.229999999999999760e-01 6.885000000000000009e-01 3.434274261851048837e-02
7.239999999999999769e-01 6.895000000000000018e-01 3.424703805433233078e-02
7.249999999999999778e-01 6.905000000000000027e-01 3.415117755622264911e-02
7.259999999999999787e-01 6.915000000000000036e-01 3.405516166824273938e-02
7.269999999999999796e-01 6.925000000000000044e-01 3.395899017126568359e-02
7.279999999999999805e-01 6.935000000000000053e-01 3.386265929280199427e-02
7.289999999999999813e-01 6.945000000000000062e-01 3.376616183268778271e-02
7.299999999999999822e-01 6.955000000000000071e-01 3.366948995327793959e-02
7.309999999999999831e-01 6.965000000000000080e-01 3.357263581692740417e-02
7.319999999999999840e-01 6.975000000000000089e-01 3.347559158599106022e-02
7.329999999999999849e-01 6.985000000000000098e-01 3.337834942282383310e-02
7.339999999999999858e-01 6.995000000000000107e-01 3.328090148978062740e-02
7.349999999999999867e-01 7.005000000000000115e-01 3.318323994921634768e-02
7.359999999999999876e-01 7.015000000000000124e-01 3.308535696348591237e-02
7.369999999999999885e-01 7.025000000000000133e-01 3.298724469494422606e-02
7.379999999999999893e-01 7.035000000000000142e-01 3.288889530594620025e-02
7.389999999999999902e-01 7.044999999999999041e-01 3.279030095884676033e-02
7.399999999999999911e-01 7.054999999999999050e-01 3.269145381600079003e-02
7.409999999999999920e-01 7.064999999999999059e-01 3.259234603976320088e-02
7.419999999999999929e-01 7.074999999999999067e-01 3.249296979248892520e-02
7.429999999999999938e-01 7.084999999999999076e-01 3.239331723653285366e-02
7.439999999999999947e-01 7.094999999999999085e-01 3.229338053424990473e-02
7.449999999999999956e-01 7.104999999999999094e-01 3.219315184799498297e-02
7.459999999999999964e-01 7.114999999999999103e-01 3.209262334012299989e-02
7.469999999999999973e-01 7.124999999999999112e-01 3.199178737352687679e-02
7.479999999999999982e-01 7.134999999999999121e-01 3.189063873359699458e-02
7.489999999999999991e-01 7.144999999999999130e-01 3.178917581095870581e-02
7.500000000000000000e-01 7.154999999999999138e-01 3.168739840041157052e-02
7.510000000000000009e-01 7.164999999999999147e-01 3.158530631765387592e-02
7.520000000000000018e-01 7.174999999999999156e-01 3.148289937838393004e-02
7.530000000000000027e-01 7.184999999999999165e-01 3.138017739830000624e-02
7.540000000000000036e-01 7.194999999999999174e-01 3.127714019310040561e-02
7.550000000000000044e-01 7.204999999999999183e-01 3.117378757848341536e-02
7.560000000000000053e-01 7.214999999999999192e-01 3.107011937014734007e-02
7.570000000000000062e-01 7.224999999999999201e-01 3.096613538379046349e-02
7.580000000000000071e-01 7.234999999999999210e-01 3.086183543511108671e-02
7.590000000000000080e-01 7.244999999999999218e-01 3.075721933980749001e-02
7.600000000000000089e-01 7.254999999999999227e-01 3.065228691357797103e-02
7.610000000000000098e-01 7.264999999999999236e-01 3.054703797212081351e-02
7.620000000000000107e-01 7.274999999999999245e-01 3.044147233113432549e-02
7.630000000000000115e-01 7.284999999999999254e-01 3.033558980631679419e-02
7.640000000000000124e-01 7.294999999999999263e-01 3.022939021336650336e-02
7.650000000000000133e-01 7.304999999999999272e-01 3.012287336798175411e-02
7.660000000000000142e-01 7.314999999999999281e-01 3.001603908586084057e-02
7.670000000000000151e-01 7.324999999999999289e-01 2.990888725688039054e-02
7.680000000000000160e-01 7.334999999999999298e-01 2.980141947367771077e-02
7.690000000000000169e-01 7.344999999999999307e-01 2.969364054411813975e-02
7.700000000000000178e-01 7.354999999999999316e-01 2.958555692850201035e-02
7.710000000000000187e-01 7.364999999999999325e-01 2.947717515291885942e-02
7.720000000000000195e-01 7.374999999999999334e-01 2.936850174345825154e-02
7.730000000000000204e-01 7.384999999999999343e-01 2.925954322620973741e-02
7.740000000000000213e-01 7.394999999999999352e-01 2.915030612726286427e-02
7.750000000000000222e-01 7.404999999999999361e-01 2.904079697270718977e-02
7.760000000000000231e-01 7.414999999999999369e-01 2.893102228863226461e-02
7.770000000000000240e-01 7.424999999999999378e-01 2.882098860112763949e-02
7.780000000000000249e-01 7.434999999999999387e-01 2.871070243628286861e-02
7.790000000000000258e-01 7.444999999999999396e-01 2.860017032018750266e-02
7.800000000000000266e-01 7.454999999999999405e-01 2.848939877893109929e-02
7.810000000000000275e-01 7.464999999999999414e-01 2.837839433860320573e-02
7.820000000000000284e-01 7.474999999999999423e-01 2.826716352529337617e-02
7.830000000000000293e-01 7.484999999999999432e-01 2.815571286509116131e-02
7.840000000000000302e-01 7.494999999999999440e-01 2.804404888408611879e-02
7.850000000000000311e-01 7.504999999999999449e-01 2.793217810836779585e-02
7.860000000000000320e-01 7.514999999999999458e-01 2.782010706402574668e-02
7.870000000000000329e-01 7.524999999999999467e-01 2.770784226539491774e-02
7.880000000000000338e-01 7.534999999999999476e-01 2.759538982974862886e-02
7.890000000000000346e-01 7.544999999999999485e-01 2.748275502643245105e-02
7.900000000000000355e-01 7.554999999999999494e-01 2.736994263479169270e-02
7.910000000000000364e-01 7.564999999999999503e-01 2.725695740679203588e-02
7.920000000000000373e-01 7.574999999999999512e-01 2.714380409439915917e-02
7.930000000000000382e-01 7.584999999999999520e-01 2.703048744957874117e-02
7.940000000000000391e-01 7.594999999999999529e-01 2.691701222429647433e-02
7.950000000000000400e-01 7.604999999999999538e-01 2.680338317051803726e-02
7.960000000000000409e-01 7.614999999999999547e-01 2.668960504020911895e-02
7.970000000000000417e-01 7.624999999999999556e-01 2.657568258533538758e-02
7.980000000000000426e-01 7.634999999999999565e-01 2.646162055786253908e-02
7.990000000000000435e-01 7.644999999999999574e-01 2.634742370975625553e-02
8.000000000000000444e-01 7.654999999999999583e-01 2.623309679298220856e-02
8.010000000000000453e-01 7.664999999999999591e-01 2.611864455950609065e-02
8.020000000000000462e-01 7.674999999999999600e-01 2.600407176129358386e-02
8.030000000000000471e-01 7.684999999999999609e-01 2.588938315031037024e-02
8.040000000000000480e-01 7.694999999999999618e-01 2.577458347852213533e-02
8.050000000000000488e-01 7.704999999999999627e-01 2.565967749789456118e-02
8.060000000000000497e-01 7.714999999999999636e-01 2.554466996039332638e-02
8.070000000000000506e-01 7.724999999999999645e-01 2.542956562890400646e-02
8.080000000000000515e-01 7.734999999999999654e-01 2.531436994842974075e-02
8.090000000000000524e-01 7.744999999999999662e-01 2.519909008483596502e-02
8.100000000000000533e-01 7.754999999999999671e-01 2.508373434504318489e-02
8.110000000000000542e-01 7.764999999999999680e-01 2.496831112736241226e-02
8.120000000000000551e-01 7.774999999999999689e-01 2.485282883010464516e-02
8.130000000000000560e-01 7.784999999999999698e-01 2.473729585158088162e-02
8.140000000000000568e-01 7.794999999999999707e-01 2.462172059010211619e-02
8.150000000000000577e-01 7.804999999999999716e-01 2.450611144397934690e-02
8.160000000000000586e-01 7.814999999999999725e-01 2.439047681152357872e-02
8.170000000000000595e-01 7.824999999999999734e-01 2.427482509104580966e-02
8.180000000000000604e-01 7.834999999999999742e-01 2.415916468085704816e-02
8.190000000000000613e-01 7.844999999999999751e-01 2.404350397926828531e-02
8.200000000000000622e-01 7.854999999999999760e-01 2.392785138459051567e-02
8.210000000000000631e-01 7.864999999999999769e-01 2.381221529513474766e-02
8.220000000000000639e-01 7.874999999999999778e-01 2.369660410921197585e-02
8.230000000000000648e-01 7.884999999999999787e-01 2.358102622513320867e-02
8.240000000000000657e-01 7.894999999999999796e-01 2.346549004120943721e-02
8.250000000000000666e-01 7.904999999999999805e-01 2.335000395575165949e-02
8.260000000000000675e-01 7.914999999999999813e-01 2.323457636707088048e-02
8.270000000000000684e-01 7.924999999999999822e-01 2.311921567250176113e-02
8.280000000000000693e-01 7.934999999999999831e-01 2.300392990024705681e-02
8.290000000000000702e-01 7.944999999999999840e-01 2.288872579058288254e-02
8.300000000000000711e-01 7.954999999999999849e-01 2.277360902273515425e-02
8.310000000000000719e-01 7.964999999999999858e-01 2.265858513465070223e-02
8.320000000000000728e-01 7.974999999999999867e-01 2.254365966427633594e-02
8.329999999999999627e-01 7.984999999999999876e-01 2.242883814955887872e-02
8.339999999999999636e-01 7.994999999999999885e-01 2.231412612844514351e-02
8.349999999999999645e-01 8.004999999999999893e-01 2.219952913888194324e-02
8.359999999999999654e-01 8.014999999999999902e-01 2.208505271881610471e-02
8.369999999999999662e-01 8.024999999999999911e-01 2.197070240619443393e-02
8.379999999999999671e-01 8.034999999999999920e-01 2.185648373896375424e-02
8.389999999999999680e-01 8.044999999999999929e-01 2.174240225507089244e-02
8.399999999999999689e-01 8.054999999999999938e-01 2.162846349246265454e-02
8.409999999999999698e-01 8.064999999999999947e-01 2.151467298908585346e-02
8.419999999999999707e-01 8.074999999999999956e-01 2.140103628288731602e-02
8.429999999999999716e-01 8.084999999999999964e-01 2.128755891181386209e-02
8.439999999999999725e-01 8.094999999999999973e-01 2.117424641381230460e-02
8.449999999999999734e-01 8.104999999999999982e-01 2.106110432682945649e-02
8.459999999999999742e-01 8.114999999999999991e-01 2.094813818881213763e-02
8.469999999999999751e-01 8.125000000000000000e-01 2.083535353770716789e-02
8.479999999999999760e-01 8.135000000000000009e-01 2.072275512112288151e-02
8.489999999999999769e-01 8.145000000000000018e-01 2.061034287389797159e-02
8.499999999999999778e-01 8.155000000000000027e-01 2.049811143195919699e-02
8.509999999999999787e-01 8.165000000000000036e-01 2.038605415423289102e-02
8.519999999999999796e-01 8.175000000000000044e-01 2.027416439912572629e-02
8.529999999999999805e-01 8.185000000000000053e-01 2.016243552504437542e-02
8.539999999999999813e-01 8.195000000000000062e-01 2.005086089039551447e-02
8.549999999999999822e-01 8.205000000000000071e-01 1.993943385358581261e-02
8.559999999999999831e-01 8.215000000000000080e-01 1.982814777302194242e-02
8.569999999999999840e-01 8.225000000000000089e-01 1.971699600711058348e-02
8.579999999999999849e-01 8.235000000000000098e-01 1.960597191425839797e-02
8.589999999999999858e-01 8.245000000000000107e-01 1.949506885287206545e-02
8.599999999999999867e-01 8.255000000000000115e-01 1.938428018135825853e-02
8.609999999999999876e-01 8.265000000000000124e-01 1.927359925812364982e-02
8.619999999999999885e-01 8.275000000000000133e-01 1.916301944157491194e-02
8.629999999999999893e-01 8.285000000000000142e-01 1.905253409011872442e-02
8.639999999999999902e-01 8.295000000000000151e-01 1.894213656216174949e-02
8.649999999999999911e-01 8.305000000000000160e-01 1.883182021611066667e-02
8.659999999999999920e-01 8.315000000000000169e-01 1.872157841037214859e-02
8.669999999999999929e-01 8.325000000000000178e-01 1.861140450335286439e-02
8.679999999999999938e-01 8.334999999999999076e-01 1.850129194560969081e-02
8.689999999999999947e-01 8.344999999999999085e-01 1.839123533823988979e-02
8.699999999999999956e-01 8.354999999999999094e-01 1.828123101750817742e-02
8.709999999999999964e-01 8.364999999999999103e-01 1.817127600746711383e-02
8.719999999999999973e-01 8.374999999999999112e-01 1.806136734317992029e-02
8.729999999999999982e-01 8.384999999999999121e-01 1.795150205970982155e-02
8.739999999999999991e-01 8.394999999999999130e-01 1.784167719212004927e-02
8.750000000000000000e-01 8.404999999999999138e-01 1.773188977547382472e-02
8.760000000000000009e-01 8.414999999999999147e-01 1.762213684483437959e-02
8.770000000000000018e-01 8.424999999999999156e-01 1.751241543526492472e-02
8.780000000000000027e-01 8.434999999999999165e-01 1.740272258182869181e-02
8.790000000000000036e-01 8.444999999999999174e-01 1.729305531958891251e-02
8.800000000000000044e-01 8.454999999999999183e-01 1.718341068360880811e-02
8.810000000000000053e-01 8.464999999999999192e-01 1.707378570895159986e-02
8.820000000000000062e-01 8.474999999999999201e-01 1.696417743068051598e-02
8.830000000000000071e-01 8.484999999999999210e-01 1.685458288385878467e-02
8.840000000000000080e-01 8.484999999999999210e-01 1.685458288385878467e-02
8.850000000000000089e-01 8.494999999999999218e-01 1.674499910354962373e-02
8.860000000000000098e-01 8.504999999999999227e-01 1.663542312481627178e-02
8.870000000000000107e-01 8.514999999999999236e-01 1.652585198272193967e-02
8.880000000000000115e-01 8.524999999999999245e-01 1.641628271232985908e-02
8.890000000000000124e-01 8.534999999999999254e-01 1.630671232380320052e-02
8.900000000000000133e-01 8.544999999999999263e-01 1.619713730297756699e-02
8.910000000000000142e-01 8.554999999999999272e-01 1.608755317443821137e-02
8.920000000000000151e-01 8.564999999999999281e-01 1.597795498358293986e-02
8.930000000000000160e-01 8.574999999999999289e-01 1.586833775844488995e-02
8.940000000000000169e-01 8.584999999999999298e-01 1.575869652705720603e-02
8.950000000000000178e-01 8.594999999999999307e-01 1.564902631745303252e-02
8.960000000000000187e-01 8.604999999999999316e-01 1.553932215766549822e-02
8.970000000000000195e-01 8.614999999999999325e-01 1.542957907572775622e-02
8.980000000000000204e-01 8.624999999999999334e-01 1.531979209967294746e-02
8.990000000000000213e-01 8.634999999999999343e-01 1.520995625753420941e-02
9.000000000000000222e-01 8.644999999999999352e-01 1.510006657734468821e-02
9.010000000000000231e-01 8.654999999999999361e-01 1.499011808713751961e-02
9.020000000000000240e-01 8.664999999999999369e-01 1.488010581494584976e-02
9.030000000000000249e-01 8.674999999999999378e-01 1.477002478880281786e-02
9.040000000000000258e-01 8.684999999999999387e-01 1.465987003674156658e-02
9.050000000000000266e-01 8.694999999999999396e-01 1.454963658679523687e-02
9.060000000000000275e-01 8.704999999999999405e-01 1.443931946699697141e-02
9.070000000000000284e-01 8.714999999999999414e-01 1.432891370537990594e-02
9.080000000000000293e-01 8.724999999999999423e-01 1.421841432997719007e-02
9.090000000000000302e-01 8.734999999999999432e-01 1.410781645378737098e-02
9.100000000000000311e-01 8.744999999999999440e-01 1.399711649708982458e-02
9.110000000000000320e-01 8.754999999999999449e-01 1.388631301896338030e-02
9.120000000000000329e-01 8.764999999999999458e-01 1.377540551717562969e-02
9.130000000000000338e-01 8.774999999999999467e-01 1.366439351169894921e-02
9.140000000000000346e-01 8.784999999999999476e-01 1.355327652250571356e-02
9.150000000000000355e-01 8.794999999999999485e-01 1.344205406956830093e-02
9.160000000000000364e-01 8.804999999999999494e-01 1.333072567285907908e-02
9.170000000000000373e-01 8.814999999999999503e-01 1.321929085235042448e-02
9.180000000000000382e-01 8.824999999999999512e-01 1.310774912801471875e-02
9.190000000000000391e-01 8.834999999999999520e-01 1.299610001982433316e-02
9.200000000000000400e-01 8.844999999999999529e-01 1.288434304775163894e-02
9.210000000000000409e-01 8.854999999999999538e-01 1.277247773176901600e-02
9.220000000000000417e-01 8.864999999999999547e-01 1.266050359184883733e-02
9.230000000000000426e-01 8.874999999999999556e-01 1.254842014796347938e-02
9.240000000000000435e-01 8.884999999999999565e-01 1.243622692008531337e-02
9.250000000000000444e-01 8.894999999999999574e-01 1.232392342818671750e-02
9.260000000000000453e-01 8.904999999999999583e-01 1.221150919224006648e-02
9.270000000000000462e-01 8.914999999999999591e-01 1.209898373221773502e-02
9.280000000000000471e-01 8.924999999999999600e-01 1.198634656809209782e-02
9.290000000000000480e-01 8.934999999999999609e-01 1.187359787407213721e-02
9.300000000000000488e-01 8.944999999999999618e-01 1.176074109554988388e-02
9.310000000000000497e-01 8.954999999999999627e-01 1.164778294910041173e-02
9.320000000000000506e-01 8.964999999999999636e-01 1.153473080553540572e-02
9.330000000000000515e-01 8.974999999999999645e-01 1.142159203566655082e-02
9.340000000000000524e-01 8.984999999999999654e-01 1.130837401030553024e-02
9.350000000000000533e-01 8.994999999999999662e-01 1.119508410026402549e-02
9.360000000000000542e-01 9.004999999999999671e-01 1.108172967635372153e-02
9.370000000000000551e-01 9.014999999999999680e-01 1.096831810938630331e-02
9.380000000000000560e-01 9.024999999999999689e-01 1.085485677017345232e-02
9.390000000000000568e-01 9.034999999999999698e-01 1.074135302952685181e-02
9.400000000000000577e-01 9.044999999999999707e-01 1.062781425825818846e-02
9.410000000000000586e-01 9.054999999999999716e-01 1.051424782717914723e-02
9.420000000000000595e-01 9.064999999999999725e-01 1.040066110710140615e-02
9.430000000000000604e-01 9.074999999999999734e-01 1.028706146883665365e-02
9.440000000000000613e-01 9.084999999999999742e-01 1.017345628319657469e-02
9.450000000000000622e-01 9.094999999999999751e-01 1.005985292099284556e-02
9.460000000000000631e-01 9.104999999999999760e-01 9.946258753037156425e-03
9.470000000000000639e-01 9.114999999999999769e-01 9.832681150141190513e-03
9.480000000000000648e-01 9.124999999999999778e-01 9.719127206478120340e-03
9.490000000000000657e-01 9.134999999999999787e-01 9.605602047438120683e-03
9.500000000000000666e-01 9.144999999999999796e-01 9.492108466675818618e-03
9.510000000000000675e-01 9.154999999999999805e-01 9.378648617061318554e-03
9.520000000000000684e-01 9.164999999999999813e-01 9.265224650271276785e-03
9.530000000000000693e-01 9.174999999999999822e-01 9.151838717982353072e-03
9.540000000000000702e-01 9.184999999999999831e-01 9.038492971871203707e-03
9.550000000000000711e-01 9.194999999999999840e-01 8.925189563614491922e-03
9.560000000000000719e-01 9.204999999999999849e-01 8.811930644888877479e-03
9.570000000000000728e-01 9.214999999999999858e-01 8.698718367371016669e-03
9.580000000000000737e-01 9.224999999999999867e-01 8.585554882737569254e-03
9.590000000000000746e-01 9.234999999999999876e-01 8.472442342665194998e-03
9.599999999999999645e-01 9.244999999999999885e-01 8.359382898830551925e-03
9.609999999999999654e-01 9.254999999999999893e-01 8.246378702910301534e-03
9.619999999999999662e-01 9.264999999999999902e-01 8.133431906581101850e-03
9.629999999999999671e-01 9.274999999999999911e-01 8.020544661519612636e-03
9.639999999999999680e-01 9.284999999999999920e-01 7.907719119402491920e-03
9.649999999999999689e-01 9.294999999999999929e-01 7.794957431906402064e-03
9.659999999999999698e-01 9.304999999999999938e-01 7.682261706403258061e-03
9.669999999999999707e-01 9.314999999999999947e-01 7.569632884470869558e-03
9.679999999999999716e-01 9.324999999999999956e-01 7.457069604635381890e-03
9.689999999999999725e-01 9.334999999999999964e-01 7.344569267531070658e-03
9.699999999999999734e-01 9.344999999999999973e-01 7.232129217462629836e-03
9.709999999999999742e-01 9.354999999999999982e-01 7.119746798734753399e-03
9.719999999999999751e-01 9.364999999999999991e-01 7.007419355652137055e-03
9.729999999999999760e-01 9.375000000000000000e-01 6.895144232519474781e-03
9.739999999999999769e-01 9.385000000000000009e-01 6.782918773641462284e-03
9.749999999999999778e-01 9.395000000000000018e-01 6.670740323322792674e-03
9.759999999999999787e-01 9.405000000000000027e-01 6.558606225868160791e-03
9.769999999999999796e-01 9.415000000000000036e-01 6.446513825582264948e-03
9.779999999999999805e-01 9.425000000000000044e-01 6.334460466769795649e-03
9.789999999999999813e-01 9.435000000000000053e-01 6.222443493735447737e-03
9.799999999999999822e-01 9.445000000000000062e-01 6.110460250783919522e-03
9.809999999999999831e-01 9.455000000000000071e-01 5.998508082219902379e-03
9.819999999999999840e-01 9.465000000000000080e-01 5.886584332348092016e-03
9.829999999999999849e-01 9.475000000000000089e-01 5.774686350241232946e-03
9.839999999999999858e-01 9.485000000000000098e-01 5.662812642110008100e-03
9.849999999999999867e-01 9.495000000000000107e-01 5.550965510878209247e-03
9.859999999999999876e-01 9.505000000000000115e-01 5.439150273245249578e-03
9.869999999999999885e-01 9.515000000000000124e-01 5.327372615342954032e-03
9.879999999999999893e-01 9.525000000000000133e-01 5.215638223303153617e-03
9.889999999999999902e-01 9.535000000000000142e-01 5.103952783257672404e-03
9.899999999999999911e-01 9.545000000000000151e-01 4.992321981338337065e-03
9.909999999999999920e-01 9.555000000000000160e-01 4.880751503676976008e-03
9.919999999999999929e-01 9.565000000000000169e-01 4.769247036405415904e-03
9.929999999999999938e-01 9.575000000000000178e-01 4.657814265655483427e-03
9.939999999999999947e-01 9.585000000000000187e-01 4.546458877559006115e-03
9.949999999999999956e-01 9.595000000000000195e-01 4.435186558247808906e-03
9.959999999999999964e-01 9.604999999999999094e-01 4.324002993853733219e-03
9.969999999999999973e-01 9.614999999999999103e-01 4.212913870508580572e-03
9.979999999999999982e-01 9.624999999999999112e-01 4.101924874344190647e-03
9.989999999999999991e-01 9.634999999999999121e-01 3.991041680785497280e-03
