1.230467453802274395e+05
1.230467453802274395e+05
1.230467453802274395e+05
1.230467453802274395e+05
1.230467453802274395e+05
1.230467453802274395e+05
1.230467453802274395e+05
1.230467453802274395e+05
1.230467453802274395e+05
1.230467453802274395e+05
1.230467453802274395e+05
1.230467453802274395e+05
1.230467453802274395e+05
1.089814887147698464e+05
1.089814887147698464e+05
1.089814887147698464e+05
1.089814887147698464e+05
1.089814887147698464e+05
1.089814887147698464e+05
1.089814887147698464e+05
1.089814887147698464e+05
1.089814887147698464e+05
1.089814887147698464e+05
1.089814887147698464e+05
1.089814887147698464e+05
1.089814887147698464e+05
9.680291647788567934e+04
9.680291647788567934e+04
9.680291647788567934e+04
9.680291647788567934e+04
9.680291647788567934e+04
9.680291647788567934e+04
9.680291647788567934e+04
9.680291647788567934e+04
9.680291647788567934e+04
9.680291647788567934e+04
9.680291647788567934e+04
9.680291647788567934e+04
9.680291647788567934e+04
8.462434424100151227e+04
8.462434424100151227e+04
8.462434424100151227e+04
8.462434424100151227e+04
8.462434424100151227e+04
8.462434424100151227e+04
8.462434424100151227e+04
8.462434424100151227e+04
8.462434424100151227e+04
8.462434424100151227e+04
8.462434424100151227e+04
8.462434424100151227e+04
8.462434424100151227e+04
7.422575448557353229e+04
7.422575448557353229e+04
7.422575448557353229e+04
7.422575448557353229e+04
7.422575448557353229e+04
7.422575448557353229e+04
7.422575448557353229e+04
7.422575448557353229e+04
7.422575448557353229e+04
7.422575448557353229e+04
7.422575448557353229e+04
7.422575448557353229e+04
7.422575448557353229e+04
6.382716473014557414e+04
6.382716473014557414e+04
6.382716473014557414e+04
6.382716473014557414e+04
6.382716473014557414e+04
6.382716473014557414e+04
6.382716473014557414e+04
6.382716473014557414e+04
6.382716473014557414e+04
6.382716473014557414e+04
6.382716473014557414e+04
6.382716473014557414e+04
6.382716473014557414e+04
5.510185550905651326e+04
5.510185550905651326e+04
5.510185550905651326e+04
5.510185550905651326e+04
5.510185550905651326e+04
5.510185550905651326e+04
5.510185550905651326e+04
5.510185550905651326e+04
5.510185550905651326e+04
5.510185550905651326e+04
5.510185550905651326e+04
5.510185550905651326e+04
5.510185550905651326e+04
4.637654628796746692e+04
4.637654628796746692e+04
4.637654628796746692e+04
4.637654628796746692e+04
4.637654628796746692e+04
4.637654628796746692e+04
4.637654628796746692e+04
4.637654628796746692e+04
4.637654628796746692e+04
4.637654628796746692e+04
4.637654628796746692e+04
4.637654628796746692e+04
4.637654628796746692e+04
3.921781565410007170e+04
3.921781565410007170e+04
3.921781565410007170e+04
3.921781565410007170e+04
3.921781565410007170e+04
3.921781565410007170e+04
3.921781565410007170e+04
3.921781565410007170e+04
3.921781565410007170e+04
3.921781565410007170e+04
3.921781565410007170e+04
3.921781565410007170e+04
3.921781565410007170e+04
3.205908502023268738e+04
3.205908502023268738e+04
3.205908502023268738e+04
3.205908502023268738e+04
3.205908502023268738e+04
3.205908502023268738e+04
3.205908502023268738e+04
3.205908502023268738e+04
3.205908502023268738e+04
3.205908502023268738e+04
3.205908502023268738e+04
3.205908502023268738e+04
3.205908502023268738e+04
2.636023102646968982e+04
2.636023102646968982e+04
2.636023102646968982e+04
2.636023102646968982e+04
2.636023102646968982e+04
2.636023102646968982e+04
2.636023102646968982e+04
2.636023102646968982e+04
2.636023102646968982e+04
2.636023102646968982e+04
2.636023102646968982e+04
2.636023102646968982e+04
2.636023102646968982e+04
2.066137703270669954e+04
2.066137703270669954e+04
2.066137703270669954e+04
2.066137703270669954e+04
2.066137703270669954e+04
2.066137703270669954e+04
2.066137703270669954e+04
2.066137703270669954e+04
2.066137703270669954e+04
2.066137703270669954e+04
2.066137703270669954e+04
2.066137703270669954e+04
2.066137703270669954e+04
1.631569773193082438e+04
1.631569773193082438e+04
1.631569773193082438e+04
1.631569773193082438e+04
1.631569773193082438e+04
1.631569773193082438e+04
1.631569773193082438e+04
1.631569773193082438e+04
1.631569773193082438e+04
1.631569773193082438e+04
1.631569773193082438e+04
1.631569773193082438e+04
1.631569773193082438e+04
1.197001843115495285e+04
1.197001843115495285e+04
1.197001843115495285e+04
1.197001843115495285e+04
1.197001843115495285e+04
1.197001843115495285e+04
1.197001843115495285e+04
1.197001843115495285e+04
1.197001843115495285e+04
1.197001843115495285e+04
1.197001843115495285e+04
1.197001843115495285e+04
1.197001843115495285e+04
8.870811876248944827e+03
8.870811876248944827e+03
8.870811876248944827e+03
8.870811876248944827e+03
8.870811876248944827e+03
8.870811876248944827e+03
8.870811876248944827e+03
8.870811876248944827e+03
8.870811876248944827e+03
8.870811876248944827e+03
8.870811876248944827e+03
8.870811876248944827e+03
8.870811876248944827e+03
5.771605321342943171e+03
5.771605321342943171e+03
5.771605321342943171e+03
5.771605321342943171e+03
5.771605321342943171e+03
5.771605321342943171e+03
5.771605321342943171e+03
5.771605321342943171e+03
5.771605321342943171e+03
5.771605321342943171e+03
5.771605321342943171e+03
5.771605321342943171e+03
5.771605321342943171e+03
3.812169565189534751e+03
3.812169565189534751e+03
3.812169565189534751e+03
3.812169565189534751e+03
3.812169565189534751e+03
3.812169565189534751e+03
3.812169565189534751e+03
3.812169565189534751e+03
3.812169565189534751e+03
3.812169565189534751e+03
3.812169565189534751e+03
3.812169565189534751e+03
3.812169565189534751e+03
1.852733809036134289e+03
1.852733809036134289e+03
1.852733809036134289e+03
1.852733809036134289e+03
1.852733809036134289e+03
1.852733809036134289e+03
1.852733809036134289e+03
1.852733809036134289e+03
1.852733809036134289e+03
1.852733809036134289e+03
1.852733809036134289e+03
1.852733809036134289e+03
1.852733809036134289e+03
9.263669045180631656e+02
9.263669045180631656e+02
9.263669045180631656e+02
9.263669045180631656e+02
9.263669045180631656e+02
9.263669045180631656e+02
9.263669045180631656e+02
9.263669045180631656e+02
9.263669045180631656e+02
9.263669045180631656e+02
9.263669045180631656e+02
9.263669045180631656e+02
9.263669045180631656e+02
0.000000000000000000e+00
0.000000000000000000e+00
0.000000000000000000e+00
0.000000000000000000e+00
0.000000000000000000e+00
0.000000000000000000e+00
0.000000000000000000e+00
0.000000000000000000e+00
0.000000000000000000e+00
0.000000000000000000e+00
0.000000000000000000e+00
0.000000000000000000e+00
0.000000000000000000e+00
