-2.228591497869585082e+07
-1.323619292290817574e+07
-5.070559778104599565e+06
2.626812873391292989e+06
1.020534654665647820e+07
1.785484944649740309e+07
2.559564139733416215e+07
3.309611901259648800e+07
4.040410417578694224e+07
4.790443448691391945e+07
5.542575699334400147e+07
6.271892781512488425e+07
6.978761555527347326e+07
-2.234908679857209325e+07
-1.358945777340944484e+07
-5.632385882158271968e+06
1.888314702847149223e+06
9.289426535596180707e+06
1.674329820214523375e+07
2.429559023576326668e+07
3.166687653381448984e+07
3.881317862205028534e+07
4.611298881534110010e+07
5.347690541829871386e+07
6.067253960131376237e+07
6.762800428496214747e+07
-2.246861713701628149e+07
-1.394977959477408975e+07
-6.162218411206282675e+06
1.217529786282569170e+06
8.477266325928369537e+06
1.577424597008638084e+07
2.317073481717101485e+07
3.043948365800982341e+07
3.746871262077677250e+07
4.460194194669662416e+07
5.183357303677423298e+07
5.895008304755686969e+07
6.583453162009455264e+07
-2.223061516663753614e+07
-1.406104374527193233e+07
-6.547846918685704470e+06
5.902515648294650018e+05
7.610274449624441564e+06
1.465397251931916550e+07
2.179169055766144767e+07
2.884985183008600026e+07
3.567396128469170630e+07
4.254609197332532704e+07
4.953731861258210987e+07
5.646252095057763904e+07
6.318446582571587712e+07
-2.207541494198695570e+07
-1.419797456698342785e+07
-6.912215346444804221e+06
2.731161486465856433e+04
6.850646497351082042e+06
1.368644529647515342e+07
2.060769848147446662e+07
2.748912665044504404e+07
3.415422265861262381e+07
4.081293544354865700e+07
4.759842152709029615e+07
5.435976816600970924e+07
6.095670538490775228e+07
-2.150373466650197655e+07
-1.404013481761267036e+07
-7.099932835072595626e+06
-4.731767165086604655e+05
6.041824178422497585e+06
1.255983847778751701e+07
1.915142552380549908e+07
2.573443119932012260e+07
3.213263915310083330e+07
3.847706876310537755e+07
4.494086752285313606e+07
5.141490545508439094e+07
5.776892943152330816e+07
-2.104866019798680767e+07
-1.412894985982271284e+07
-7.616008403666179627e+06
-1.375949176555953920e+06
4.761086598994109780e+06
1.089370364311536774e+07
1.708548683318851888e+07
2.329038148599063605e+07
2.935216510148084909e+07
3.532787446653530002e+07
4.140006637509956956e+07
4.750831760139047354e+07
5.353848506568989158e+07
-2.013500173151784390e+07
-1.347725277841997519e+07
-7.247948777924846858e+06
-1.271651544855460525e+06
4.603811850796179846e+06
1.046883062762497738e+07
1.638323311525991000e+07
2.232552553304620087e+07
2.815664902548890561e+07
3.387810101788445562e+07
3.966979783392591029e+07
4.551836721739947051e+07
5.131952962303303182e+07
-1.933289656086737290e+07
-1.310429536681348644e+07
-7.227937099897526205e+06
-1.577429486937528476e+06
3.978315419806376100e+06
9.519304595655996352e+06
1.509891980363891087e+07
2.071447125876681879e+07
2.625217026286204159e+07
3.167363443794701621e+07
3.713127589299812168e+07
4.265629986010116339e+07
4.816200967625059187e+07
-1.799655808643807471e+07
-1.232599869911207259e+07
-6.952910524711927399e+06
-1.774922516221070662e+06
3.317062841553643346e+06
8.391879675291204825e+06
1.349501818890479393e+07
1.863592440150592104e+07
2.372868709208037704e+07
2.871356290567667782e+07
3.370126356411654502e+07
3.875582847012930363e+07
4.381348646651279926e+07
-1.688330284232100844e+07
-1.167452664852486365e+07
-6.718758288912294433e+06
-1.932698128664512187e+06
2.774892943760322407e+06
7.463995114056066610e+06
1.217320566482758895e+07
1.691837752991145849e+07
2.163816065144465119e+07
2.626505116236130893e+07
3.086782095167707652e+07
3.552924139288998395e+07
4.021009289626672119e+07
-1.513254563493111543e+07
-1.055648075596920587e+07
-6.185842631766051054e+06
-1.956089662248237059e+06
2.205454477514325641e+06
6.348905347791939974e+06
1.050526422795943357e+07
1.469181321955205500e+07
1.887016121799274534e+07
2.297817093424516916e+07
2.704527663876998425e+07
3.115354942339736596e+07
3.529087675596359372e+07
-1.369906784524314851e+07
-9.634475833229050040e+06
-5.738189530264331028e+06
-1.959876648992864415e+06
1.758763664140811190e+06
5.460041706036875956e+06
9.168933684262983501e+06
1.290196739149944484e+07
1.663781952724892646e+07
2.032401965612183139e+07
2.396175158922351152e+07
2.762130071753526852e+07
3.131405232505000383e+07
-1.155350703372998908e+07
-8.186687799900132231e+06
-4.948200530163348652e+06
-1.801605886695679277e+06
1.296556921299161389e+06
4.379466512713517994e+06
7.465789355671506375e+06
1.056933913471177220e+07
1.368151207175887376e+07
1.676354893755810522e+07
1.980084031913870573e+07
2.284177970176476240e+07
2.591260134639354423e+07
-9.873505069870494306e+06
-7.045050718062615022e+06
-4.315635655678688549e+06
-1.658619515976219438e+06
9.587598253536289558e+05
3.562688878389880061e+06
6.167302162269759923e+06
8.783973386590298265e+06
1.141135227501546219e+07
1.402201842156158760e+07
1.659574067695922032e+07
1.916065663081170619e+07
2.174843772581959516e+07
-7.433301921948306262e+06
-5.338057045108243823e+06
-3.310061808877438772e+06
-1.332212202803886496e+06
6.172189211589447223e+05
2.556237053764240816e+06
4.494363652019054629e+06
6.439697687882836908e+06
8.394188287532560527e+06
1.034187441290322319e+07
1.226552822111832350e+07
1.417540365186491795e+07
1.609717773101305217e+07
-5.703001605104995891e+06
-4.119960106183493044e+06
-2.583391471155748703e+06
-1.082132433870768175e+06
3.984777672104127705e+05
1.870886381894562626e+06
3.341755932231895626e+06
4.816879507340894081e+06
6.298900022493384778e+06
7.779360508459467441e+06
9.245517866412002593e+06
1.069758152235076949e+07
1.215331171312551387e+07
-3.233112021807250567e+06
-2.348549524918295909e+06
-1.487681921532819048e+06
-6.451348963998809922e+05
1.863796340511445887e+05
1.013135186789025785e+06
1.838660657018449623e+06
2.665954641504301690e+06
3.496724463654294610e+06
4.328253389135879464e+06
5.154079769847137854e+06
5.971287009013103321e+06
6.787381966110972688e+06
-1.894659685464202194e+06
-1.383331058320787502e+06
-8.844688492467248579e+05
-3.954023345312068705e+05
8.759663331493304577e+04
5.677532388467132114e+05
1.047049408197477343e+06
1.527036377496928209e+06
2.008720515319607221e+06
2.491516619758315384e+06
2.972218344095897861e+06
3.448251182676870376e+06
3.922083720483473502e+06
-0.000000000000000000e+00
-0.000000000000000000e+00
-0.000000000000000000e+00
-0.000000000000000000e+00
-0.000000000000000000e+00
-0.000000000000000000e+00
0.000000000000000000e+00
0.000000000000000000e+00
0.000000000000000000e+00
0.000000000000000000e+00
0.000000000000000000e+00
0.000000000000000000e+00
0.000000000000000000e+00
