3.627000000000000224e-01
4.666330055828681322e-01
5.705660111657362421e-01
6.744990167486043520e-01
7.784320223314724618e-01
8.823650279143404607e-01
9.862980334972085705e-01
1.090231039080076902e+00
1.194164044662944901e+00
1.298097050245813122e+00
1.402030055828681121e+00
1.505963061411549120e+00
1.609896066994417341e+00
3.527257500000000601e-01
4.517949838138489160e-01
5.508642176276977720e-01
6.499334514415466835e-01
7.490026852553954839e-01
8.480719190692443954e-01
9.471411528830933069e-01
1.046210386696942329e+00
1.145279620510791130e+00
1.244348854324639930e+00
1.343418088138488953e+00
1.442487321952337753e+00
1.541556555766186554e+00
3.427514999999999867e-01
4.370703900924923224e-01
5.313892801849846581e-01
6.257081702774769383e-01
7.200270603699692185e-01
8.143459504624616097e-01
9.086648405549538898e-01
1.002983730647446059e+00
1.097302620739938339e+00
1.191621510832430841e+00
1.285940400924923122e+00
1.380259291017415402e+00
1.474578181109907682e+00
3.327772500000000244e-01
4.224592244187984624e-01
5.121411988375970115e-01
6.018231732563954495e-01
6.915051476751938875e-01
7.811871220939924365e-01
8.708690965127908745e-01
9.605510709315892015e-01
1.050233045350387640e+00
1.139915019769186300e+00
1.229596994187984738e+00
1.319278968606783176e+00
1.408960943025581614e+00
3.228030000000000066e-01
4.079614867927673361e-01
4.931199735855346100e-01
5.782784603783018840e-01
6.634369471710692689e-01
7.485954339638365429e-01
8.337539207566039279e-01
9.189124075493713129e-01
1.004070894342138587e+00
1.089229381134905861e+00
1.174387867927673357e+00
1.259546354720440631e+00
1.344704841513207905e+00
3.128287499999999888e-01
3.935771772143988323e-01
4.743256044287976758e-01
5.550740316431965748e-01
6.358224588575953629e-01
7.165708860719942619e-01
7.973193132863931609e-01
8.780677405007920600e-01
9.588161677151908480e-01
1.039564594929589747e+00
1.120313022143988535e+00
1.201061449358387545e+00
1.281809876572786333e+00
3.028544999999999709e-01
3.793062956836930066e-01
4.557580913673860423e-01
5.322098870510790780e-01
6.086616827347720582e-01
6.851134784184650384e-01
7.615652741021580185e-01
8.380170697858511097e-01
9.144688654695442009e-01
9.909206611532372921e-01
1.067372456836930272e+00
1.143824252520623475e+00
1.220276048204316677e+00
2.928802500000000086e-01
3.651488422006499701e-01
4.374174344012999316e-01
5.096860266019498376e-01
5.819546188025997990e-01
6.542232110032497605e-01
7.264918032038997220e-01
7.987603954045496835e-01
8.710289876051997560e-01
9.432975798058497174e-01
1.015566172006499679e+00
1.087834764207149751e+00
1.160103356407799824e+00
2.829059999999999908e-01
3.511048167652695562e-01
4.193036335305391771e-01
4.875024502958087425e-01
5.557012670610782523e-01
6.239000838263478732e-01
6.920989005916174941e-01
7.602977173568870040e-01
8.284965341221565138e-01
8.966953508874261347e-01
9.648941676526958666e-01
1.033092984417965488e+00
1.101291801183235108e+00
2.729317499999999730e-01
3.371742193775518759e-01
4.014166887551037788e-01
4.656591581326556817e-01
5.299016275102075291e-01
5.941440968877594875e-01
6.583865662653113349e-01
7.226290356428631823e-01
7.868715050204150296e-01
8.511139743979668770e-01
9.153564437755186134e-01
9.795989131530704608e-01
1.043841382530622308e+00
2.629575000000000107e-01
3.233570500374968737e-01
3.837566000749937367e-01
4.441561501124906552e-01
5.045557001499876293e-01
5.649552501874844923e-01
6.253548002249813553e-01
6.857543502624783294e-01
7.461539002999751924e-01
8.065534503374720554e-01
8.669530003749689184e-01
9.273525504124656704e-01
9.877521004499625334e-01
2.529832499999999929e-01
3.096533087451046051e-01
3.663233674902091619e-01
4.229934262353137187e-01
4.796634849804182199e-01
5.363335437255227767e-01
5.930036024706273334e-01
6.496736612157318902e-01
7.063437199608363359e-01
7.630137787059408927e-01
8.196838374510454495e-01
8.763538961961500062e-01
9.330239549412545630e-01
2.430089999999999750e-01
2.960629955003749592e-01
3.491169910007499433e-01
4.021709865011248719e-01
4.552249820014998005e-01
5.082789775018747847e-01
5.613329730022497133e-01
6.143869685026246419e-01
6.674409640029995705e-01
7.204949595033744991e-01
7.735489550037494277e-01
8.266029505041243564e-01
8.796569460044992850e-01
2.330347500000000127e-01
2.825861103033080468e-01
3.321374706066160809e-01
3.816888309099241705e-01
4.312401912132322046e-01
4.807915515165402387e-01
5.303429118198482728e-01
5.798942721231563624e-01
6.294456324264643410e-01
6.789969927297725416e-01
7.285483530330805202e-01
7.780997133363886098e-01
8.276510736396965884e-01
2.230604999999999949e-01
2.692226531539038126e-01
3.153848063078076858e-01
3.615469594617115034e-01
4.077091126156153211e-01
4.538712657695191943e-01
5.000334189234230120e-01
5.461955720773268297e-01
5.923577252312306474e-01
6.385198783851345761e-01
6.846820315390383938e-01
7.308441846929422114e-01
7.770063378468461401e-01
2.130862499999999771e-01
2.559726240521623120e-01
2.988589981043246468e-01
3.417453721564869262e-01
3.846317462086492611e-01
4.275181202608115960e-01
4.704044943129738754e-01
5.132908683651362658e-01
5.561772424172984897e-01
5.990636164694608246e-01
6.419499905216231594e-01
6.848363645737853833e-01
7.277227386259477182e-01
2.031119999999999315e-01
2.428360229980834062e-01
2.825600459961669086e-01
3.222840689942503833e-01
3.620080919923339136e-01
4.017321149904173883e-01
4.414561379885008630e-01
4.811801609865843377e-01
5.209041839846678679e-01
5.606282069827512871e-01
6.003522299808348173e-01
6.400762529789182365e-01
6.798002759770017667e-01
1.931377499999999137e-01
2.298128499916672340e-01
2.664879499833345822e-01
3.031630499750019303e-01
3.398381499666692784e-01
3.765132499583366821e-01
4.131883499500040302e-01
4.498634499416713783e-01
4.865385499333387820e-01
5.232136499250060746e-01
5.598887499166734782e-01
5.965638499083408819e-01
6.332389499000081745e-01
1.831634999999999236e-01
2.169031050329138510e-01
2.506427100658277785e-01
2.843823150987416226e-01
3.181219201316555223e-01
3.518615251645694220e-01
3.856011301974832661e-01
4.193407352303971658e-01
4.530803402633110655e-01
4.868199452962249096e-01
5.205595503291388093e-01
5.542991553620527645e-01
5.880387603949667197e-01
1.731892499999999058e-01
2.041067881218230351e-01
2.350243262436461922e-01
2.659418643654693493e-01
2.968594024872924786e-01
3.277769406091156079e-01
3.586944787309387372e-01
3.896120168527619221e-01
4.205295549745850514e-01
4.514470930964081807e-01
4.823646312182313656e-01
5.132821693400545504e-01
5.441997074618777352e-01
