1.524196822691248898e-01
1.502066652102489464e-01
1.436717016909073441e-01
1.348476055328876599e-01
1.254425545693633459e-01
1.163844429167954636e-01
1.077726058254495911e-01
9.798597095174153837e-02
8.725831978254315613e-02
7.747096479960352555e-02
6.778623201117445207e-02
5.698615963001002482e-02
4.508868194487544029e-02
1.482281410067239624e-01
1.461651200601377654e-01
1.400279801428075122e-01
1.316756351740941688e-01
1.227162071907663271e-01
1.140246104068576988e-01
1.058326369739110984e-01
9.672180197967954196e-02
8.646885211462315701e-02
7.699517422478367734e-02
6.784692754567545059e-02
5.784440822906754959e-02
4.662268709838447017e-02
1.440365997443230073e-01
1.421169637273166364e-01
1.363634549442923616e-01
1.284718993306679935e-01
1.199511569244565146e-01
1.116256694617662054e-01
1.038218802852889089e-01
9.534838679625246005e-02
8.561915910144425601e-02
7.643517556121344481e-02
6.776708432251474234e-02
5.849544619560043124e-02
4.800717632943087704e-02
1.398450584819220799e-01
1.380623104808944013e-01
1.326783936961324906e-01
1.252365172422400252e-01
1.171468244901332084e-01
1.091870245423613717e-01
1.017430607936658515e-01
9.386261253713525099e-02
8.469804983313909685e-02
7.579695340329982434e-02
6.754927138508536044e-02
5.893935009898791655e-02
4.921426616624860473e-02
1.356535172195211802e-01
1.340012773223080988e-01
1.289730677857792718e-01
1.219693523767228921e-01
1.143026769807283932e-01
1.067071172588400785e-01
9.959913671719800021e-02
9.226392560722755654e-02
8.369438279450247542e-02
7.508841906881093264e-02
6.720578885465479380e-02
5.918542562071320290e-02
5.022698753645535308e-02
1.314619759571202251e-01
1.299339839853231593e-01
1.252477523873648801e-01
1.186701543702603362e-01
1.114182131844122514e-01
1.041844552085169767e-01
9.739464318430400558e-02
9.055305023755969018e-02
8.259636774779670343e-02
7.431518088523617060e-02
6.675428044930900584e-02
5.925516429328728935e-02
5.103187088083254580e-02
1.272704346947192977e-01
1.258605529360333208e-01
1.215027264617022928e-01
1.153387220924053380e-01
1.084928166644671538e-01
1.016176641321704655e-01
9.513412590661010637e-02
8.873737103163470419e-02
8.139337971322441190e-02
7.347967226120517836e-02
6.620457230644416491e-02
5.916814506706317284e-02
5.161488987095631115e-02
1.230788934323183564e-01
1.217811093728607130e-01
1.177382701664965448e-01
1.119749057000285902e-01
1.055258395580063735e-01
9.900574673673874504e-02
9.282147861590943350e-02
8.682687075522324549e-02
8.007627938414194069e-02
7.257988746367421973e-02
6.556118234464665406e-02
5.892922849662056428e-02
5.197489235143784581e-02
1.188873521699174152e-01
1.176957812265556902e-01
1.139545786503516622e-01
1.085786066373186781e-01
1.025167159733550992e-01
9.634801925210753626e-02
9.045890842397762144e-02
8.482991408202099348e-02
7.863740218852670327e-02
7.160355048647884524e-02
6.483155993276203122e-02
5.854730261935158636e-02
5.212324414475696249e-02
1.146958109075164739e-01
1.136046991601970813e-01
1.101517563713732689e-01
1.051497775480540187e-01
9.946496381067650161e-02
9.364383720924424059e-02
8.804757614024728840e-02
8.275117912517879204e-02
7.707253717403216020e-02
7.053730620201285884e-02
6.402450363969866554e-02
5.804258288584988879e-02
5.208522032968328219e-02
1.105042696451155604e-01
1.095079965691920093e-01
1.063299336873129858e-01
1.016884077448692442e-01
9.637021083511260189e-02
9.089257657702751181e-02
8.558834508995898094e-02
8.059422269191775234e-02
7.538116279716369772e-02
6.936705201184836800e-02
6.314493840056945029e-02
5.742859329576675831e-02
5.187981016976506848e-02
1.063127283827146191e-01
1.054058095812758084e-01
1.024892743556506391e-01
9.819451008136921566e-02
9.323248323599937770e-02
8.809345641043277164e-02
8.308070402613221273e-02
7.836329069754134624e-02
7.356564998789630327e-02
6.807991503609371609e-02
6.219403077618641112e-02
5.671086932814974058e-02
5.151193812462924460e-02
1.021211871203136778e-01
1.012982770565123564e-01
9.862997553359413583e-02
9.466815196662176080e-02
9.005204728104075629e-02
8.524557361015480672e-02
8.052258310304909183e-02
7.606429508747297730e-02
7.163690979014351867e-02
6.666511402726550684e-02
6.116188772040763444e-02
5.589787650571730049e-02
5.099791456712553933e-02
9.792964585791275045e-02
9.718554058729372835e-02
9.475226777807961576e-02
9.110945966386956030e-02
8.682916824693412416e-02
8.234810659719661585e-02
7.791197181933634530e-02
7.370258632740249449e-02
6.960670302245887398e-02
6.511415413499699323e-02
6.003264348750141782e-02
5.499914959865447733e-02
5.035898053197095103e-02
9.373810459551180918e-02
9.306774449834032126e-02
9.085641504577114669e-02
8.751861829053014796e-02
8.356410576527967260e-02
7.940031788877971453e-02
7.524717607777742234e-02
7.128164583806506638e-02
6.748271798765789753e-02
6.342375370897998521e-02
5.878997306742137635e-02
5.401917366397149950e-02
4.960413692837040839e-02
8.954656333311086791e-02
8.894503602097138251e-02
8.694271469306108502e-02
8.389587181819595230e-02
8.025707872148082900e-02
7.640138549195067685e-02
7.252712181398848768e-02
6.880298734683269746e-02
6.526958192506911172e-02
6.159444092279952460e-02
5.741871247126428823e-02
5.295598369481940848e-02
4.874110093399088711e-02
8.535502207070991276e-02
8.481757018239066692e-02
8.301150222158015790e-02
8.024155298777402301e-02
7.690793189706952859e-02
7.335042393020897722e-02
6.975090259030916617e-02
6.626750760342364766e-02
6.297238526119768032e-02
5.963467724781627149e-02
5.590652249703639831e-02
5.179363791905133158e-02
4.778084239591571386e-02
8.116348080830897149e-02
8.068550934274705544e-02
7.906323278204865912e-02
7.655619465712755478e-02
7.351636072644669728e-02
7.024669995801310907e-02
6.691763442029199926e-02
6.367397630903412487e-02
6.059817794141089675e-02
5.755903919455986062e-02
5.424450562329358183e-02
5.051372508368649761e-02
4.672922874925792419e-02
7.697193954590804410e-02
7.654901669735547642e-02
7.509845075835568096e-02
7.284039725013677358e-02
7.008217821068075948e-02
6.708965498082700152e-02
6.402620349465511229e-02
6.101969665691391043e-02
5.815309235545196992e-02
5.537815069544914370e-02
5.243056319381645541e-02
4.909810586340249139e-02
4.558427134227450300e-02
7.278039828350708895e-02
7.240825591087188262e-02
7.111770125192648506e-02
6.909477399621329063e-02
6.660531892077851956e-02
6.387922346061312984e-02
6.107544566986290724e-02
5.830225187194192082e-02
5.564035636830135662e-02
5.309789877725679813e-02
5.046798871557831717e-02
4.753199631339932729e-02
4.432824484697271000e-02
