0.000000000000000000e+00
0.000000000000000000e+00
0.000000000000000000e+00
0.000000000000000000e+00
0.000000000000000000e+00
0.000000000000000000e+00
0.000000000000000000e+00
0.000000000000000000e+00
0.000000000000000000e+00
0.000000000000000000e+00
0.000000000000000000e+00
0.000000000000000000e+00
0.000000000000000000e+00
2.008886507496130402e-01
2.008886507496130402e-01
2.008886507496130402e-01
2.008886507496130402e-01
2.008886507496130402e-01
2.008886507496130402e-01
2.008886507496130402e-01
2.008886507496130402e-01
2.008886507496130402e-01
2.008886507496130402e-01
2.008886507496130402e-01
2.008886507496130402e-01
2.008886507496130402e-01
4.017773014992260805e-01
4.017773014992260805e-01
4.017773014992260805e-01
4.017773014992260805e-01
4.017773014992260805e-01
4.017773014992260805e-01
4.017773014992260805e-01
4.017773014992260805e-01
4.017773014992260805e-01
4.017773014992260805e-01
4.017773014992260805e-01
4.017773014992260805e-01
4.017773014992260805e-01
6.026659522488391207e-01
6.026659522488391207e-01
6.026659522488391207e-01
6.026659522488391207e-01
6.026659522488391207e-01
6.026659522488391207e-01
6.026659522488391207e-01
6.026659522488391207e-01
6.026659522488391207e-01
6.026659522488391207e-01
6.026659522488391207e-01
6.026659522488391207e-01
6.026659522488391207e-01
8.035546029984521610e-01
8.035546029984521610e-01
8.035546029984521610e-01
8.035546029984521610e-01
8.035546029984521610e-01
8.035546029984521610e-01
8.035546029984521610e-01
8.035546029984521610e-01
8.035546029984521610e-01
8.035546029984521610e-01
8.035546029984521610e-01
8.035546029984521610e-01
8.035546029984521610e-01
1.004443253748065201e+00
1.004443253748065201e+00
1.004443253748065201e+00
1.004443253748065201e+00
1.004443253748065201e+00
1.004443253748065201e+00
1.004443253748065201e+00
1.004443253748065201e+00
1.004443253748065201e+00
1.004443253748065201e+00
1.004443253748065201e+00
1.004443253748065201e+00
1.004443253748065201e+00
1.205331904497678241e+00
1.205331904497678241e+00
1.205331904497678241e+00
1.205331904497678241e+00
1.205331904497678241e+00
1.205331904497678241e+00
1.205331904497678241e+00
1.205331904497678241e+00
1.205331904497678241e+00
1.205331904497678241e+00
1.205331904497678241e+00
1.205331904497678241e+00
1.205331904497678241e+00
1.406220555247291282e+00
1.406220555247291282e+00
1.406220555247291282e+00
1.406220555247291282e+00
1.406220555247291282e+00
1.406220555247291282e+00
1.406220555247291282e+00
1.406220555247291282e+00
1.406220555247291282e+00
1.406220555247291282e+00
1.406220555247291282e+00
1.406220555247291282e+00
1.406220555247291282e+00
1.607109205996904322e+00
1.607109205996904322e+00
1.607109205996904322e+00
1.607109205996904322e+00
1.607109205996904322e+00
1.607109205996904322e+00
1.607109205996904322e+00
1.607109205996904322e+00
1.607109205996904322e+00
1.607109205996904322e+00
1.607109205996904322e+00
1.607109205996904322e+00
1.607109205996904322e+00
1.807997856746517362e+00
1.807997856746517362e+00
1.807997856746517362e+00
1.807997856746517362e+00
1.807997856746517362e+00
1.807997856746517362e+00
1.807997856746517362e+00
1.807997856746517362e+00
1.807997856746517362e+00
1.807997856746517362e+00
1.807997856746517362e+00
1.807997856746517362e+00
1.807997856746517362e+00
2.008886507496130402e+00
2.008886507496130402e+00
2.008886507496130402e+00
2.008886507496130402e+00
2.008886507496130402e+00
2.008886507496130402e+00
2.008886507496130402e+00
2.008886507496130402e+00
2.008886507496130402e+00
2.008886507496130402e+00
2.008886507496130402e+00
2.008886507496130402e+00
2.008886507496130402e+00
2.209775158245743221e+00
2.209775158245743221e+00
2.209775158245743221e+00
2.209775158245743221e+00
2.209775158245743221e+00
2.209775158245743221e+00
2.209775158245743221e+00
2.209775158245743221e+00
2.209775158245743221e+00
2.209775158245743221e+00
2.209775158245743221e+00
2.209775158245743221e+00
2.209775158245743221e+00
2.410663808995356483e+00
2.410663808995356483e+00
2.410663808995356483e+00
2.410663808995356483e+00
2.410663808995356483e+00
2.410663808995356483e+00
2.410663808995356483e+00
2.410663808995356483e+00
2.410663808995356483e+00
2.410663808995356483e+00
2.410663808995356483e+00
2.410663808995356483e+00
2.410663808995356483e+00
2.611552459744969745e+00
2.611552459744969745e+00
2.611552459744969745e+00
2.611552459744969745e+00
2.611552459744969745e+00
2.611552459744969745e+00
2.611552459744969745e+00
2.611552459744969745e+00
2.611552459744969745e+00
2.611552459744969745e+00
2.611552459744969745e+00
2.611552459744969745e+00
2.611552459744969745e+00
2.812441110494583008e+00
2.812441110494583008e+00
2.812441110494583008e+00
2.812441110494583008e+00
2.812441110494583008e+00
2.812441110494583008e+00
2.812441110494583008e+00
2.812441110494583008e+00
2.812441110494583008e+00
2.812441110494583008e+00
2.812441110494583008e+00
2.812441110494583008e+00
2.812441110494583008e+00
3.013329761244196270e+00
3.013329761244196270e+00
3.013329761244196270e+00
3.013329761244196270e+00
3.013329761244196270e+00
3.013329761244196270e+00
3.013329761244196270e+00
3.013329761244196270e+00
3.013329761244196270e+00
3.013329761244196270e+00
3.013329761244196270e+00
3.013329761244196270e+00
3.013329761244196270e+00
3.214218411993809532e+00
3.214218411993809532e+00
3.214218411993809532e+00
3.214218411993809532e+00
3.214218411993809532e+00
3.214218411993809532e+00
3.214218411993809532e+00
3.214218411993809532e+00
3.214218411993809532e+00
3.214218411993809532e+00
3.214218411993809532e+00
3.214218411993809532e+00
3.214218411993809532e+00
3.415107062743422794e+00
3.415107062743422794e+00
3.415107062743422794e+00
3.415107062743422794e+00
3.415107062743422794e+00
3.415107062743422794e+00
3.415107062743422794e+00
3.415107062743422794e+00
3.415107062743422794e+00
3.415107062743422794e+00
3.415107062743422794e+00
3.415107062743422794e+00
3.415107062743422794e+00
3.615995713493036057e+00
3.615995713493036057e+00
3.615995713493036057e+00
3.615995713493036057e+00
3.615995713493036057e+00
3.615995713493036057e+00
3.615995713493036057e+00
3.615995713493036057e+00
3.615995713493036057e+00
3.615995713493036057e+00
3.615995713493036057e+00
3.615995713493036057e+00
3.615995713493036057e+00
3.816884364242649319e+00
3.816884364242649319e+00
3.816884364242649319e+00
3.816884364242649319e+00
3.816884364242649319e+00
3.816884364242649319e+00
3.816884364242649319e+00
3.816884364242649319e+00
3.816884364242649319e+00
3.816884364242649319e+00
3.816884364242649319e+00
3.816884364242649319e+00
3.816884364242649319e+00
