Propeller Efficiency	 Total thurst		  Pitch angle at hub	   Power needed		    Torque 
3.689069799761951884e+01 5.734970318969389155e+03 4.190000000000009805e+01 2.331876582820194890e+05 8.247326329690486091e+02 9.256670471794789773e+04
3.881837380821249184e+01 5.690618590913389198e+03 4.200000000000009948e+01 2.345536108865835995e+05 8.295637020589488202e+02 9.058581703644049412e+04
4.079031193047472925e+01 5.597473510353223901e+03 4.200000000000009948e+01 2.332834567144172615e+05 8.250714506147504608e+02 8.819261483011329256e+04
4.260944135548094636e+01 5.551259004095601995e+03 4.210000000000010090e+01 2.345082659969386295e+05 8.294033273182628818e+02 8.626299463919705886e+04
4.448005998333695032e+01 5.455894887984109118e+03 4.210000000000010090e+01 2.330527497277021757e+05 8.242554915627160881e+02 8.391056211356417043e+04
4.619324557588092972e+01 5.407324483576255261e+03 4.220000000000010232e+01 2.341175388810351433e+05 8.280214128316828237e+02 8.201838457518888754e+04
4.796232568867741008e+01 5.308991606009316456e+03 4.220000000000010232e+01 2.324508291150591103e+05 8.221266328771351937e+02 7.968676263439444301e+04
4.957006086531743705e+01 5.257148680824443545e+03 4.230000000000010374e+01 2.333208169592128834e+05 8.252035854510666013e+02 7.780225388331388240e+04
5.113449506034438485e+01 5.205982256046861949e+03 4.240000000000010516e+01 2.341620695535844134e+05 8.281789078684696506e+02 7.598940544397536723e+04
5.265110034936344618e+01 5.153937516119698557e+03 4.250000000000010658e+01 2.349324127437123971e+05 8.309034395703829432e+02 7.420070227567991242e+04
5.423591864009596009e+01 5.052457765597817342e+03 4.250000000000010658e+01 2.328926056883728597e+05 8.236890978856941956e+02 7.198444240195142629e+04
5.566061599222432932e+01 4.998443156827020175e+03 4.260000000000010800e+01 2.334855979597092373e+05 8.257863790234364387e+02 7.023933494176584645e+04
5.704089959800315768e+01 4.943593527121696752e+03 4.270000000000010942e+01 2.340023144322192238e+05 8.276138897073697080e+02 6.851865784774083295e+04
5.837802948961985550e+01 4.887943512591073159e+03 4.280000000000011084e+01 2.344416547613779840e+05 8.291677382648209687e+02 6.682295592007557570e+04
5.967318471915776001e+01 4.831515381504730613e+03 4.290000000000011227e+01 2.348021925142103864e+05 8.304428797211428446e+02 6.515238547712565924e+04
6.104375650014915777e+01 4.725610309400241931e+03 4.290000000000011227e+01 2.322404737356895930e+05 8.213826529119666020e+02 6.306233057472341170e+04
6.225790792907821469e+01 4.667597415195968097e+03 4.300000000000011369e+01 2.324130776059909840e+05 8.219931142265274957e+02 6.144308943216700573e+04
6.343314293089864719e+01 4.608854264932124352e+03 4.310000000000011511e+01 2.325020165538541914e+05 8.223076714084344303e+02 5.984895645054978377e+04
6.457048673427743779e+01 4.549396476884231561e+03 4.320000000000011653e+01 2.325057333933377231e+05 8.223208170390247460e+02 5.827984485000958375e+04
6.567094105585623254e+01 4.489241911819740380e+03 4.330000000000011795e+01 2.324227771794050350e+05 8.220274194499660325e+02 5.673572407692372508e+04
6.673544615111512712e+01 4.428402293281262246e+03 4.340000000000011937e+01 2.322515083122048527e+05 8.214216797430174211e+02 5.521637732433778729e+04
6.765444481976480517e+01 4.416143761781641842e+03 4.360000000000012221e+01 2.349899934108893503e+05 8.311070895216688541e+02 5.415899462516697531e+04
6.865152425233681299e+01 4.354079227349459870e+03 4.370000000000012363e+01 2.346647553225248412e+05 8.299567950895545891e+02 5.268738221849472757e+04
6.961552188328158763e+01 4.291374778386944854e+03 4.380000000000012506e+01 2.342469569532398018e+05 8.284791356298345590e+02 5.123999947163067554e+04
7.054722545191606287e+01 4.228039828286204283e+03 4.390000000000012648e+01 2.337349941785462433e+05 8.266684377126892969e+02 4.981654969358102971e+04
7.144739402963421071e+01 4.164086099284714692e+03 4.400000000000012790e+01 2.331273886662725999e+05 8.245194728076161255e+02 4.841680340412347869e+04
7.231673290911842855e+01 4.099522425315416513e+03 4.410000000000012932e+01 2.324225842021394346e+05 8.220267369325066511e+02 4.704045130231435178e+04
7.305727449831168485e+01 4.084379951031951350e+03 4.430000000000013216e+01 2.348074974345042428e+05 8.304616420386406617e+02 4.611543772862751939e+04
7.387003278324382904e+01 4.018758872231086571e+03 4.440000000000013358e+01 2.339333353391105775e+05 8.273699260709649934e+02 4.478366821828729007e+04
7.465409258652574920e+01 3.952558162121752957e+03 4.450000000000013500e+01 2.329578367479164444e+05 8.239198055650155084e+02 4.347434330060385400e+04
7.540998467742548428e+01 3.885785320279662756e+03 4.460000000000013642e+01 2.318795583377575094e+05 8.201061758093255776e+02 4.218714197517326102e+04
7.605062445844656338e+01 3.869098992883731626e+03 4.480000000000013927e+01 2.340264198223613494e+05 8.276991450850658794e+02 4.134350915296385938e+04
7.675567273557847159e+01 3.801355146236807286e+03 4.490000000000014069e+01 2.327693647981201648e+05 8.232532223995882532e+02 4.009814878248592868e+04
7.735167652376661351e+01 3.784092730310286242e+03 4.510000000000014353e+01 2.348190229581969033e+05 8.305024052401397512e+02 3.929213638790416735e+04
7.800847139552470821e+01 3.715420605268987856e+03 4.520000000000014495e+01 2.333792809951468662e+05 8.254103596802227685e+02 3.808720575011816982e+04
7.863965176298512461e+01 3.646212402845072120e+03 4.530000000000014637e+01 2.318304011463912320e+05 8.199323178094500690e+02 3.690257240817924321e+04
7.917363526660101058e+01 3.628076048473397350e+03 4.550000000000014921e+01 2.337039064192091464e+05 8.265584872556181608e+02 3.615147503271704045e+04
7.975963522899175473e+01 3.557990687304705716e+03 4.560000000000015064e+01 2.319663514115389844e+05 8.204131435141805468e+02 3.500509177631064085e+04
8.025587962079467275e+01 3.539414721074523641e+03 4.580000000000015348e+01 2.337386134240868269e+05 8.266812381753121599e+02 3.428826403632500296e+04
8.079851143195703855e+01 3.468486124358627876e+03 4.590000000000015490e+01 2.318090363250016526e+05 8.198567552109492453e+02 3.317869990722637885e+04
8.125935693745543631e+01 3.449521727057618136e+03 4.610000000000015774e+01 2.334791981361574435e+05 8.257637442778105878e+02 3.249483151168970289e+04
8.176012635370966564e+01 3.377780822748333776e+03 4.620000000000015916e+01 2.313544933328300831e+05 8.182491382320177991e+02 3.142066889599086062e+04
9.893510817508358741e+02 9.194333189405757003e+04 3.720000000000003126e+01 5.297179145634317538e+05 1.873493878824455123e+03 -8.291925830978296290e+03
8.260012237053066997e+01 3.339149554287525461e+03 4.660000000000016485e+01 2.344677811491626780e+05 8.292601414595088727e+02 3.013075407185783843e+04
8.304396655613739142e+01 3.266362045722292805e+03 4.670000000000016627e+01 2.320642530572529940e+05 8.207593997553394729e+02 2.910672284878858045e+04
8.342595236741597375e+01 3.246768158309086175e+03 4.690000000000016911e+01 2.335077802175997349e+05 8.258648327121542252e+02 2.849883692163001615e+04
8.379426982655333234e+01 3.227195417133662886e+03 4.710000000000017195e+01 2.349312439294880023e+05 8.308993057356847203e+02 2.790468776763562346e+04
8.418390304622319320e+01 3.153434492721630249e+03 4.720000000000017337e+01 2.322450391037226946e+05 8.213987995983994779e+02 2.692779189390799002e+04
8.452419366656761213e+01 3.133668471682810377e+03 4.740000000000017621e+01 2.335675800644806877e+05 8.260763314060892526e+02 2.636182106220113201e+04
8.485202685213650398e+01 3.113959022361386815e+03 4.760000000000017906e+01 2.348716758156151336e+05 8.306886266296072563e+02 2.580870097425991480e+04
8.518942643794183311e+01 3.039302960205332056e+03 4.770000000000018048e+01 2.319004842194350495e+05 8.201801859761593505e+02 2.487634201980835132e+04
8.549130458027450175e+01 3.019474142489229052e+03 4.790000000000018332e+01 2.331059215702626971e+05 8.244435484866431807e+02 2.434991484790998220e+04
8.578179385041221394e+01 2.999739429939562342e+03 4.810000000000018616e+01 2.342951024741071451e+05 8.286494155772518297e+02 2.383557627110050817e+04
8.606815612297573637e+01 2.924260629969573984e+03 4.820000000000018758e+01 2.310375077093680156e+05 8.171280309239509734e+02 2.294524108180041003e+04
8.633439893696052536e+01 2.904474529418544080e+03 4.840000000000019043e+01 2.321308134388166072e+05 8.209948089495604790e+02 2.245609906892688741e+04
8.659023937285790851e+01 2.884825723829344952e+03 4.860000000000019327e+01 2.332108123624755535e+05 8.248145237769894038e+02 2.197850270448590891e+04
8.683594352853806697e+01 2.865322090993900019e+03 4.880000000000019611e+01 2.342784107524648716e+05 8.285903806881822220e+02 2.151210688915403443e+04
8.705900829092665560e+01 2.788960149193785583e+03 4.890000000000019753e+01 2.306540525604408758e+05 8.157718357593789733e+02 2.067399876603500161e+04
8.728244530014265479e+01 2.769500764127290495e+03 4.910000000000020037e+01 2.316314066202745889e+05 8.192285186432314958e+02 2.023108673550566891e+04
8.749655710432806188e+01 2.750224593842856848e+03 4.930000000000020322e+01 2.325995749772241979e+05 8.226527137488703829e+02 1.979877659303446126e+04
8.770169792223444460e+01 2.731153256365452762e+03 4.950000000000020606e+01 2.335604658521417878e+05 8.260511700269818220e+02 1.937709705730067435e+04
8.789802942523543550e+01 2.712288431475029483e+03 4.970000000000020890e+01 2.345148374087682751e+05 8.294265689332811462e+02 1.896558759070215092e+04
8.804650605891556836e+01 2.635110113175895094e+03 4.980000000000021032e+01 2.304503469777355494e+05 8.150513746388656955e+02 1.818757310814242373e+04
8.822257646216083060e+01 2.616404058675948363e+03 5.000000000000021316e+01 2.313234602304488362e+05 8.181393810843860592e+02 1.779751527455108226e+04
8.839064357916950598e+01 2.597952823953991356e+03 5.020000000000021600e+01 2.321945680919700535e+05 8.212202949094372570e+02 1.741735884308414461e+04
8.855094493065841732e+01 2.579768138718152386e+03 5.040000000000021885e+01 2.330652160279749369e+05 8.242995820807262817e+02 1.704691089622635991e+04
8.870359727683056406e+01 2.561850759424334228e+03 5.060000000000022169e+01 2.339362978321655537e+05 8.273804037468213437e+02 1.668573327137500019e+04
8.884898762723753407e+01 2.544227346082927852e+03 5.080000000000022453e+01 2.348103765167082893e+05 8.304718247089605256e+02 1.633399391994623147e+04
8.891195255346238469e+01 2.466459907440792904e+03 5.090000000000022595e+01 2.302459528087528597e+05 8.143284781425838901e+02 1.562147207707030611e+04
8.903917637942090835e+01 2.449136500195573717e+03 5.110000000000022879e+01 2.310527504654420190e+05 8.171819411456292528e+02 1.528913669707415465e+04
8.915967537839250667e+01 2.432134366621383833e+03 5.130000000000023164e+01 2.318665027496478579e+05 8.200600011119338433e+02 1.496556207833708140e+04
8.927379947887087042e+01 2.415475974380694879e+03 5.150000000000023448e+01 2.326896973236868216e+05 8.229714563471516158e+02 1.465082538432652836e+04
8.938177975239395323e+01 2.399173298210719622e+03 5.170000000000023732e+01 2.335241897426439682e+05 8.259228695349200962e+02 1.434477371430762105e+04
8.948372197514703430e+01 2.383227918239863811e+03 5.190000000000024016e+01 2.343711819042977877e+05 8.289184915190829770e+02 1.404703790429787841e+04
8.946096074727523728e+01 2.305224399421400449e+03 5.200000000000024158e+01 2.293346391931672115e+05 8.111053655508636666e+02 1.339360716977430093e+04
8.954672216077311475e+01 2.289720878185400579e+03 5.220000000000024443e+01 2.301311249190082890e+05 8.139223575590823430e+02 1.311354278677121874e+04
8.962717388417466680e+01 2.274616603823499190e+03 5.240000000000024727e+01 2.309457076214766130e+05 8.168033545291913242e+02 1.284151793648263083e+04
8.970263529371348454e+01 2.259929635430676171e+03 5.260000000000025011e+01 2.317808454331922112e+05 8.197570503269124629e+02 1.257753102074009621e+04
8.977318250001962952e+01 2.245659357402427759e+03 5.280000000000025295e+01 2.326377593201400596e+05 8.227877632360657572e+02 1.232119715005104990e+04
8.983914914810101493e+01 2.231824617802943976e+03 5.300000000000025580e+01 2.335190349227736297e+05 8.259046380890733872e+02 1.207254141339315902e+04
8.990077966159168454e+01 2.218437263660010558e+03 5.320000000000025864e+01 2.344268212589711475e+05 8.291152754818997437e+02 1.183144639094249760e+04
8.978195684670508570e+01 2.140709891606109522e+03 5.330000000000026006e+01 2.288969374381913512e+05 8.095573122640971633e+02 1.124054443194453597e+04
8.983006559204753216e+01 2.127924704989068687e+03 5.350000000000026290e+01 2.297768514623154770e+05 8.126693715182168489e+02 1.101530886327135704e+04
8.987458618502721208e+01 2.115621525274323631e+03 5.370000000000026574e+01 2.306891394749189494e+05 8.158959303344231557e+02 1.079728097714668729e+04
8.991577768346800781e+01 2.103811883934055913e+03 5.390000000000026859e+01 2.316360730846078659e+05 8.192450228846860227e+02 1.058635289738478969e+04
8.995399136972005749e+01 2.092513177726320464e+03 5.410000000000027143e+01 2.326203813598307315e+05 8.227263012741973398e+02 1.038253858373879484e+04
8.998929534301038302e+01 2.081724144603157129e+03 5.430000000000027427e+01 2.336434992667709885e+05 8.263448406576499110e+02 1.018548006364279172e+04
9.002205266975735753e+01 2.071462738214113870e+03 5.450000000000027711e+01 2.347082665099254809e+05 8.301106844352131020e+02 9.995212155075034389e+03
8.980975968624535710e+01 1.994528999943354393e+03 5.460000000000027853e+01 2.287462829339122691e+05 8.090244809517633939e+02 9.460700307056729798e+03
8.983238153235279810e+01 1.985024227446954455e+03 5.480000000000028137e+01 2.298085791927198297e+05 8.127815854099256967e+02 9.284703572891901786e+03
8.985323239199817635e+01 1.976074123527725078e+03 5.500000000000028422e+01 2.309185517836627259e+05 8.167073103998168335e+02 9.115068832359371299e+03
8.987280467014751650e+01 1.967702338454568917e+03 5.520000000000028706e+01 2.320796025468489679e+05 8.208136874696317591e+02 8.951962324560201523e+03
8.989125258742103597e+01 1.959912922075880715e+03 5.540000000000028990e+01 2.332937595437013370e+05 8.251078894193803990e+02 8.795154171144307838e+03
8.990884370071590581e+01 1.952716578845698223e+03 5.560000000000029274e+01 2.345635666468438285e+05 8.295989133580088719e+02 8.644554809131455841e+03
8.961566639522960998e+01 1.876794313188165461e+03 5.570000000000029416e+01 2.282754660723023408e+05 8.073593069336267263e+02 8.153928191225063529e+03
8.962680378954476623e+01 1.870482276742309978e+03 5.590000000000029701e+01 2.295664262721993437e+05 8.119251446480378718e+02 8.016408956100424803e+03
8.963807675540434161e+01 1.864795124797494964e+03 5.610000000000029985e+01 2.309200133971440082e+05 8.167124798000475039e+02 7.884829963409051743e+03
8.964986826840488732e+01 1.859749018218302581e+03 5.630000000000030269e+01 2.323393152311610756e+05 8.217322331916757321e+02 7.759229843393340161e+03
8.966219659152963573e+01 1.855342236502209516e+03 5.650000000000030553e+01 2.338261616318192682e+05 8.269908766201892831e+02 7.639277088219339930e+03
8.929897250810768128e+01 1.780456828137039338e+03 5.660000000000030695e+01 2.272949763102751458e+05 8.038915337718998444e+02 7.182436941884763655e+03
8.930857599650792622e+01 1.777037348678697526e+03 5.680000000000030980e+01 2.288238199050904950e+05 8.092987118903296277e+02 7.074681516449545597e+03
8.931990066559852437e+01 1.774294224616961401e+03 5.700000000000031264e+01 2.304280776420949551e+05 8.149726129756103319e+02 6.972465133869939564e+03
8.933318719512462280e+01 1.772237435017170355e+03 5.720000000000031548e+01 2.321105810812548443e+05 8.209232516225300742e+02 6.875715019439028765e+03
8.934866409636065043e+01 1.770876873283460327e+03 5.740000000000031832e+01 2.338741974049948331e+05 8.271607684145457142e+02 6.784360119422184653e+03
8.892131948583144663e+01 1.697269758009123052e+03 5.750000000000031974e+01 2.271391184599638218e+05 8.033402993875296261e+02 6.359068769028446695e+03
8.893828824478327988e+01 1.696990810207311824e+03 5.770000000000032259e+01 2.289665128975786502e+05 8.098033851147524729e+02 6.278987252044706111e+03
8.896037733458079799e+01 1.697811857022925324e+03 5.790000000000032543e+01 2.309293511658978532e+05 8.167455054012623350e+02 6.206784882263851614e+03
8.898246642437831611e+01 1.698632903838539050e+03 5.810000000000032827e+01 2.328921894342170854e+05 8.236876256877720834e+02 6.134582512482997117e+03
8.900987207028472881e+01 1.700566845633275989e+03 5.830000000000033111e+01 2.349960932959509955e+05 8.311286634518837673e+02 6.069992232446157686e+03
8.852779017337212508e+01 1.628475639194053656e+03 5.840000000000033253e+01 2.280989719325452461e+05 8.067350866054239305e+02 5.674227559484326775e+03
8.856167713245073969e+01 1.631594667089502082e+03 5.860000000000033538e+01 2.302907306973940867e+05 8.144868475274396360e+02 5.620333642653604329e+03
8.860012355024133512e+01 1.635487642652797604e+03 5.880000000000033822e+01 2.325859544173188042e+05 8.226045408725000243e+02 5.571304730732866119e+03
8.864322493497660105e+01 1.640163747121353481e+03 5.900000000000034106e+01 2.349878358297647210e+05 8.310994586394190264e+02 5.527083805315047357e+03
8.811339295781057501e+01 1.569353392786263612e+03 5.910000000000034248e+01 2.279758247112597455e+05 8.062995424055221747e+02 5.153584825626903694e+03
8.816726347624125992e+01 1.575290821608534316e+03 5.930000000000034532e+01 2.304852254400084203e+05 8.151747319650506824e+02 5.119550336595772023e+03
8.822659928394035944e+01 1.582039445428801855e+03 5.950000000000034817e+01 2.331101159683719743e+05 8.244583831353625101e+02 5.090152414564465289e+03
8.764835005835071513e+01 1.512158377862188445e+03 5.960000000000034959e+01 2.260085299587146728e+05 7.993416605302703601e+02 4.732605750012184217e+03
8.772218601152869155e+01 1.520224389217562248e+03 5.980000000000035243e+01 2.287558353257927520e+05 8.090582656270128155e+02 4.713038397944267672e+03
8.780232618083044827e+01 1.529134753085922739e+03 6.000000000000035527e+01 2.316281709229131811e+05 8.192170747047999839e+02 4.698081149840370017e+03
8.788831404547001114e+01 1.538886461863298109e+03 6.020000000000035811e+01 2.346282189268033835e+05 8.298275740232921862e+02 4.687412874042262047e+03
8.727713403276489146e+01 1.470538716078206562e+03 6.030000000000035953e+01 2.274624721247492416e+05 8.044839290345840936e+02 4.350312552182786021e+03
8.738206516364067511e+01 1.481681390478657477e+03 6.050000000000036238e+01 2.306064393508340872e+05 8.156034384779253514e+02 4.349044283926326898e+03
8.749337317565604621e+01 1.493697771459384740e+03 6.070000000000036522e+01 2.338881074788339902e+05 8.272099652369973910e+02 4.352057858775930072e+03
8.684479651980068127e+01 1.426464640000879626e+03 6.080000000000036664e+01 2.266711745651208039e+05 8.016852864107745518e+02 4.029650031215616764e+03
8.697886142405241117e+01 1.439925985334481084e+03 6.100000000000036948e+01 2.301130512455122953e+05 8.138584350151534181e+02 4.041760902424872256e+03
8.711934862992903561e+01 1.454286749892699845e+03 6.120000000000037232e+01 2.337025565352230042e+05 8.265537130176409164e+02 4.058015475199502362e+03
8.643907256706718556e+01 1.388246346861381880e+03 6.130000000000037375e+01 2.264516833583331609e+05 8.009089950657651116e+02 3.749817524295458952e+03
8.660602542581084151e+01 1.404105041643977529e+03 6.150000000000037659e+01 2.302182959362819383e+05 8.142306619656003477e+02 3.774885781783108996e+03
8.677908949999026333e+01 1.420887979318157022e+03 6.170000000000037943e+01 2.341427897126291355e+05 8.281107193798022763e+02 3.803966618058720996e+03
8.607390826961866992e+01 1.356118047417317712e+03 6.180000000000038085e+01 2.268759520206678426e+05 8.024095385059765704e+02 3.509528733752663356e+03
8.627688649826600908e+01 1.374450691908809631e+03 6.200000000000038369e+01 2.309950653246889997e+05 8.169779216946556062e+02 3.547156239224220371e+03
8.601991949397070414e+01 1.352379938019186739e+03 6.215000000000038938e+01 2.295068131209363928e+05 8.117143062547754653e+02 3.427364694226300344e+03
8.576295248967539919e+01 1.330309184129564073e+03 6.230000000000038796e+01 2.280185609171838150e+05 8.064506908148954381e+02 3.307573149228379862e+03
8.600425487713545181e+01 1.351189992903469147e+03 6.250000000000039080e+01 2.325188669274521526e+05 8.223672674140137815e+02 3.357381438909228109e+03
8.524136904948660742e+01 1.288529385903633056e+03 6.260000000000039222e+01 2.252320447694611794e+05 7.965954059501074198e+02 3.084866859963045499e+03
8.551894185996222575e+01 1.311043653914302467e+03 6.280000000000039506e+01 2.299567134602431906e+05 8.133055032080958426e+02 3.142805329350417196e+03
8.579982160272915337e+01 1.334544112011314382e+03 6.300000000000039790e+01 2.348678087546263123e+05 8.306749496991259321e+02 3.204431795634401624e+03
8.503383194555568991e+01 1.273357188157150176e+03 6.310000000000039933e+01 2.276156303573506302e+05 8.050256154744455444e+02 2.944611619557570521e+03
8.535304499326578309e+01 1.298538930150911710e+03 6.330000000000040217e+01 2.327702032525784452e+05 8.232561878256240107e+02 3.014134427535786017e+03
8.455381923506062947e+01 1.238194713310947691e+03 6.340000000000040359e+01 2.255155208539873420e+05 7.975979975078998905e+02 2.762481804784586984e+03
8.491393508494307696e+01 1.265082392363351119e+03 6.360000000000040643e+01 2.309253135191112233e+05 8.167312251469387547e+02 2.839599584829218657e+03
8.408385121080139868e+01 1.205612625905734831e+03 6.370000000000040785e+01 2.236762076582125737e+05 7.910927577967507887e+02 2.595964909528469889e+03
8.448809512168057267e+01 1.234251432588702528e+03 6.390000000000041069e+01 2.293547684290266479e+05 8.111765581594785317e+02 2.680831894371372528e+03
8.363002609569434753e+01 1.175687417642566743e+03 6.400000000000041211e+01 2.221195193398238043e+05 7.855870991139738635e+02 2.445058748158357048e+03
8.408047692577197552e+01 1.206100541787737484e+03 6.420000000000041496e+01 2.280790894104333129e+05 8.066647665681972512e+02 2.537379192044706997e+03
8.452598039285577158e+01 1.237561170237597707e+03 6.440000000000041780e+01 2.342590837961479265e+05 8.285220255630102884e+02 2.633050139738754297e+03
8.369644634426370544e+01 1.180690412436298402e+03 6.450000000000042633e+01 2.271197460646693944e+05 8.032717835548489802e+02 2.408956799191204937e+03
8.418724348939804258e+01 1.213967228393948744e+03 6.470000000000041496e+01 2.336015325464195630e+05 8.261964137467771252e+02 2.511868065364017184e+03
8.334140101259893640e+01 1.158080612519044962e+03 6.480000000000042348e+01 2.264986399881469551e+05 8.010750701712263435e+02 2.295287737700998605e+03
8.387860269943774938e+01 1.193201562373240904e+03 6.500000000000042633e+01 2.332955604069965775e+05 8.251142586703850839e+02 2.405301233246254014e+03
8.302066080741199983e+01 1.138329483074025120e+03 6.510000000000042064e+01 2.262380989027797768e+05 8.001535945797885461e+02 2.196101809059468451e+03
8.360484577658370142e+01 1.175321540280666568e+03 6.530000000000043769e+01 2.333637169883228489e+05 8.253553132664376335e+02 2.313081197486459587e+03
8.273934635311692887e+01 1.121494033163447284e+03 6.540000000000043201e+01 2.263608691552591335e+05 8.005878055252712784e+02 2.111134711884777516e+03
8.337049635458903651e+01 1.160383132663902643e+03 6.560000000000043485e+01 2.338289620567973179e+05 8.270007810974783524e+02 2.234944958824707101e+03
8.250224946653780478e+01 1.107629832667674918e+03 6.570000000000044338e+01 2.268901065500759287e+05 8.024595999131435065e+02 2.040127199912329843e+03
8.317969601447116190e+01 1.148440804422935571e+03 6.590000000000043201e+01 2.347146552662719914e+05 8.301332800386080635e+02 2.170634149116382105e+03
8.231370057429575127e+01 1.096790903314864181e+03 6.600000000000044054e+01 2.278493654863194388e+05 8.058522843888795251e+02 1.982824281881858496e+03
8.137828215594723247e+01 1.045423943438225024e+03 6.610000000000044906e+01 2.209593438293458894e+05 7.814838176173803959e+02 1.798313278474156505e+03
8.217743907946318416e+01 1.089029608377156137e+03 6.630000000000043769e+01 2.292625863736988103e+05 8.108505308312619491e+02 1.938974464365902577e+03
8.125188835336078341e+01 1.038808672954438634e+03 6.640000000000044622e+01 2.224597024846819404e+05 7.867902508708773439e+02 1.761296126916095318e+03
8.209649325034895639e+01 1.084396541486298929e+03 6.660000000000044906e+01 2.311540813094299228e+05 8.175403256947029149e+02 1.908329038247879453e+03
8.118639415930569214e+01 1.035349651668620254e+03 6.670000000000044338e+01 2.244483704204402748e+05 7.938237249185299333e+02 1.737369894784302687e+03
8.207307633595006280e+01 1.082940415049013609e+03 6.690000000000046043e+01 2.335485180049411138e+05 8.260089131616208533e+02 1.890641409311125472e+03
8.118384921965801482e+01 1.035094999933146028e+03 6.700000000000045475e+01 2.269502022373756918e+05 8.026721449285266772e+02 1.726290187948878156e+03
8.022895058343915764e+01 9.875802877275377796e+02 6.710000000000044906e+01 2.203405008013647166e+05 7.792951081306869128e+02 1.565045265667552258e+03
8.124528469979679812e+01 1.038090800277459039e+03 6.730000000000046612e+01 2.299903861994959007e+05 8.134245961614182079e+02 1.727813798284257700e+03
