1.653736033435949793e+01 1.886131133820818917e+01 2.079158351165244412e+01 2.238273480376388846e+01 2.367174985259341469e+01 2.468146869062018567e+01 2.542616421928768133e+01 2.591610826155384473e+01 2.616046898753382166e+01 2.616876511955474527e+01 2.595125823639104112e+01 2.551853549786889630e+01 2.488036814781134964e+01 2.404382955350522977e+01 2.301067331587885434e+01 2.177414338478068956e+01 2.031568696440356447e+01 1.860227437857268384e+01 1.658480143290010389e+01 1.419694193017294204e+01
1.595547402635386902e+01 1.829277144372808905e+01 2.023502164243094725e+01 2.183586812573238589e+01 2.313247723442879078e+01 2.414855031436740873e+01 2.489921380028730269e+01 2.539534483706498236e+01 2.564645170606732805e+01 2.566218691373427063e+01 2.545280466774064010e+01 2.502879345169832348e+01 2.439976946603075447e+01 2.357262345359711020e+01 2.254893274000168546e+01 2.132182042354048335e+01 1.987273592765768626e+01 1.816885309162510254e+01 1.616154651539453724e+01 1.378531619434582112e+01
1.533664566724373124e+01 1.767852207341347892e+01 1.962732642049773091e+01 2.123284938066990080e+01 2.253184244558035232e+01 2.354866268972582333e+01 2.429934031469853295e+01 2.479552725697376303e+01 2.504726469793953214e+01 2.506449846172328932e+01 2.485756750106679291e+01 2.443685897461071477e+01 2.381170735831487306e+01 2.298853839279772160e+01 2.196828982950172815e+01 2.074331830066110882e+01 1.929428769409599909e+01 1.758772523586467784e+01 1.557464476400995679e+01 1.318950819272558483e+01
1.477552815036366063e+01 1.712470424041728378e+01 1.908279373416671731e+01 2.069684802804533064e+01 2.200309484648032665e+01 2.302629586775173820e+01 2.378308856771714730e+01 2.428562244707841344e+01 2.454424585562908945e+01 2.456903866099967715e+01 2.437034348810416162e+01 2.395846043665750713e+01 2.334257764285057846e+01 2.252894415725252841e+01 2.151832695006534379e+01 2.030297055440329146e+01 1.886355726570657509e+01 1.716684527451426234e+01 1.516436988386625195e+01 1.279148461452501628e+01
1.417532478860397660e+01 1.652530749423401346e+01 1.848676240105432100e+01 2.010402165718612366e+01 2.141220864676856550e+01 2.243623952673145183e+01 2.319334843730764462e+01 2.369629911882375239e+01 2.395590207115608905e+01 2.398250568624457557e+01 2.378653125501350374e+01 2.337817583109754338e+01 2.276634277070558454e+01 2.195681217808020946e+01 2.094971200679488277e+01 1.973653430218126203e+01 1.829721239261712284e+01 1.659792159395916400e+01 1.458992501674536690e+01 1.220864802287078810e+01
1.363686727196104620e+01 1.598803154892940093e+01 1.795577249706372314e+01 1.958003557177693565e+01 2.089481725999240069e+01 2.192501537574351289e+01 2.268822103286219871e+01 2.319756974973359576e+01 2.346412736547597788e+01 2.349836159838538308e+01 2.331069791231464094e+01 2.291125093424628290e+01 2.230878199759589364e+01 2.150889803333797445e+01 2.051156094373387617e+01 1.930816009324487581e+01 1.787866508293640067e+01 1.618951154957649052e+01 1.419252784054122429e+01 1.182409555408285762e+01
1.305999798210361362e+01 1.540548742215539058e+01 1.737317777734598678e+01 1.899883261893766928e+01 2.031477569678559192e+01 2.134561157494731276e+01 2.210923134389996747e+01 2.261921379786506847e+01 2.288699977790287221e+01 2.292328542396782609e+01 2.273855677642729489e+01 2.234281509206754990e+01 2.174452828634005641e+01 2.094882761074105559e+01 1.995503648683015641e+01 1.875380832883061188e+01 1.732440465189401735e+01 1.563274648467917594e+01 1.363048179015033057e+01 1.125417552152596912e+01
1.254272828820076491e+01 1.488621380012712159e+01 1.685701505458261451e+01 1.848787947120295883e+01 1.980950223239799612e+01 2.084608702952500181e+01 2.161563685145356573e+01 2.213196622840310113e+01 2.240670568560853226e+01 2.245064380883620814e+01 2.227426217804908504e+01 2.188747794549055570e+01 2.129861729322490760e+01 2.051263966372842873e+01 1.952870664426688307e+01 1.833737925929127499e+01 1.691797489894557671e+01 1.523670598924442565e+01 1.324583013929430741e+01 1.088293167506223824e+01
1.203908654149977586e+01 1.437637849721100203e+01 1.634873114299429986e+01 1.798386461773471368e+01 1.931063299267210809e+01 2.035267130619805798e+01 2.112798458286647829e+01 2.165056065567371490e+01 2.193218861367058992e+01 2.198373605115306617e+01 2.181567527620405045e+01 2.143783802398029437e+01 2.085840848388663815e+01 2.008217430973355988e+01 1.910813579093860071e+01 1.792676339051639900e+01 1.651743441456906680e+01 1.484665978351427285e+01 1.286731783541471685e+01 1.051802884721714904e+01
1.149812239942781567e+01 1.382199917904774367e+01 1.578910167863309333e+01 1.742253445239417431e+01 1.874883950182280401e+01 1.979079740494034567e+01 2.056631075599501202e+01 2.108955878417005891e+01 2.137256333556693022e+01 2.142634532593527297e+01 2.126139788226070237e+01 2.088741558502532669e+01 2.031227265391700243e+01 1.954027166973803276e+01 1.856977899385702457e+01 1.739055823743371221e+01 1.598134127162655282e+01 1.430822233036563595e+01 1.232402713990773968e+01 9.967715863646523289e+00
1.101777921251125925e+01 1.333173374480266205e+01 1.529713996725742398e+01 1.693279619918118684e+01 1.826305188955517878e+01 1.930980301532752819e+01 2.009072748391676910e+01 2.062003656569640953e+01 2.090983176917261588e+01 2.097117263474461524e+01 2.081452345191892661e+01 2.044948383523494329e+01 1.988378123210566173e+01 1.912154521263948581e+01 1.816098467955828966e+01 1.699178435512135010e+01 1.559275787160816051e+01 1.393033076206540599e+01 1.195799353385848462e+01 9.615801375243242077e+00
1.054954397130083699e+01 1.285146807832640192e+01 1.481362519729565896e+01 1.645047809366537805e+01 1.778404322171586927e+01 1.883519619537488055e+01 1.962129011736830719e+01 2.015650475093602978e+01 2.045298514300085202e+01 2.052181063845841535e+01 2.037340744813343463e+01 2.001727570874836104e+01 1.946099377754814341e+01 1.870851716634436812e+01 1.775789762740573252e+01 1.659874320876518183e+01 1.520995394583682092e+01 1.355829397768278000e+01 1.159792872931270757e+01 9.270021921148705601e+00
1.009255901948216305e+01 1.238131909100651740e+01 1.433869466600216036e+01 1.597570293433182087e+01 1.731191112485466022e+01 1.836704981107925150e+01 1.915805113674474214e+01 1.969900020641223648e+01 2.000204845226013362e+01 2.007827486910222703e+01 1.993805717916418629e+01 1.959079066349818277e+01 1.904390171260173759e+01 1.830117044841564677e+01 1.736049172526734097e+01 1.621139922838225189e+01 1.483288415867955123e+01 1.319205652430005316e+01 1.124376636070630120e+01 8.930298283693231198e+00
9.648556860554034387e+00 1.192137772696267284e+01 1.387246877541530488e+01 1.550858290179501076e+01 1.684674666090347372e+01 1.790543255443277815e+01 1.870106011285514924e+01 1.924755746723442229e+01 1.955704455990681367e+01 1.964057873562964573e+01 1.950847775632758285e+01 1.917002586261371633e+01 1.863249407782026879e+01 1.789948554180789841e+01 1.696873842372067998e+01 1.582971446157457507e+01 1.446150090191649795e+01 1.283156083184510621e+01 1.089543814196227700e+01 8.596549585414893002e+00
9.216608611869300915e+00 1.147170901571187862e+01 1.341505095662969715e+01 1.504921934109744619e+01 1.638863405451448330e+01 1.745040868032069525e+01 1.825036348423149946e+01 1.880220856090760506e+01 1.911799406144819713e+01 1.920873342172845000e+01 1.908467201861726537e+01 1.875497612270473269e+01 1.822675750356239988e+01 1.750344049143982517e+01 1.658260676015425261e+01 1.545364862769149816e+01 1.409575438099973610e+01 1.247674733335395914e+01 1.055287402380111139e+01 8.268693489593820445e+00
8.750697188825776962e+00 1.097934990228692165e+01 1.290771579628540877e+01 1.453349233589377754e+01 1.586824795389909326e+01 1.692750231882986611e+01 1.772633623738981612e+01 1.827819278325603847e+01 1.859505751004357066e+01 1.868791480480564005e+01 1.856691965567874902e+01 1.824103082974740886e+01 1.771700595921569032e+01 1.699776595994412887e+01 1.608027658179198482e+01 1.495329224565413107e+01 1.359548449367048129e+01 1.197444410706521190e+01 1.004659286293527920e+01 7.757105467905330620e+00
8.342782969572301255e+00 1.055061842739191214e+01 1.246839392103223787e+01 1.409008505666779776e+01 1.542461886218655565e+01 1.648599608435752373e+01 1.728853621573789923e+01 1.784533876090725357e+01 1.816823394247056100e+01 1.826810796446641305e+01 1.815501002331935609e+01 1.783776047736284909e+01 1.732294588779098987e+01 1.661330406863011433e+01 1.570564862545874973e+01 1.458867921300091020e+01 1.324119367682047077e+01 1.163117702667387121e+01 9.715794058426828528e+00 7.441409569756413767e+00
7.946452390352384043e+00 1.013221672766954917e+01 1.203811367965098356e+01 1.365470135208298075e+01 1.498828093610241652e+01 1.605127488448128048e+01 1.685717377696278874e+01 1.741867931446822837e+01 1.774742887033636052e+01 1.785418655117559439e+01 1.774888113324619709e+01 1.744018575331408627e+01 1.693451079455070740e+01 1.623440866879630207e+01 1.533654121289306183e+01 1.422955641103833635e+01 1.289238389747724156e+01 1.129340991028025165e+01 9.390549721445884401e+00 7.131365247011303587e+00
7.561592831865110220e+00 9.724105152017219922e+00 1.161690631318573885e+01 1.322739454415711791e+01 1.455928660006686748e+01 1.562338137130742055e+01 1.643227969351959672e+01 1.699823395780305191e+01 1.733265184871637743e+01 1.744615124972674636e+01 1.734852540960205403e+01 1.704829098349850014e+01 1.655167677875822463e+01 1.586104740346164554e+01 1.497291336189262267e+01 1.387587420196627086e+01 1.254899691620528124e+01 1.096107584597950968e+01 9.070783711463285215e+00 6.826885568784484271e+00
7.187843680556659010e+00 9.326214105811343913e+00 1.120478518615394314e+01 1.280820582491876536e+01 1.413767999677885712e+01 1.520235239048249909e+01 1.601388043066733147e+01 1.658401874885033678e+01 1.692390942826218492e+01 1.704399996491530800e+01 1.695393260745779429e+01 1.666205789576692098e+01 1.617441742138316130e+01 1.549318551785254883e+01 1.461472187166019765e+01 1.352758097121849978e+01 1.221097281363998732e+01 1.063410658341821247e+01 8.756418938679129127e+00 6.527883132347096939e+00
6.825048221533013049e+00 8.938455209396755308e+00 1.080174591894164493e+01 1.239716400920159778e+01 1.372349671186121611e+01 1.478821872530797421e+01 1.560199792925736340e+01 1.617604611639277579e+01 1.652120502384260803e+01 1.664772772752349894e+01 1.656508975212946666e+01 1.628146559016580142e+01 1.580270378532662612e+01 1.513078588933916180e+01 1.426192138189553660e+01 1.318462321425488071e+01 1.187825010272056048e+01 1.031243266920659529e+01 8.447377521387702259e+00 6.234270243798711419e+00
6.472166497847380739e+00 8.560682811190062580e+00 1.040776423037576137e+01 1.199428518087403184e+01 1.331676350134461551e+01 1.438100484775428534e+01 1.519664939398351677e+01 1.577432469113242597e+01 1.612453878707686528e+01 1.625732660440733568e+01 1.618198108317296402e+01 1.590649051452198570e+01 1.543650442148548407e+01 1.477380906330929911e+01 1.391446443735291361e+01 1.284694562769817061e+01 1.155076584352356583e+01 9.995983582636135623e+00 8.143580940739457930e+00 5.945959075144557460e+00
6.175106034217573203e+00 8.243552842402522174e+00 1.007950198561571575e+01 1.166193763841078557e+01 1.298523108831005501e+01 1.405361772727032665e+01 1.487575105225479000e+01 1.546167051568869866e+01 1.582152764880883211e+01 1.596512777760792368e+01 1.590161243574615924e+01 1.563888778943820945e+01 1.518260763364734522e+01 1.453468138589728298e+01 1.369144881546308667e+01 1.264185339574516398e+01 1.136608373821462337e+01 9.835091474341560058e+00 8.011006453223048496e+00 5.847770382531728650e+00
5.843099686748971067e+00 7.885080119242826591e+00 9.703143668466312377e+00 1.127503458080501098e+01 1.259311018171028884e+01 1.365996409272614542e+01 1.448316686680333554e+01 1.507210595572571954e+01 1.543654320737691243e+01 1.558602607288651321e+01 1.552948751554901285e+01 1.527463129650676343e+01 1.482690244489389286e+01 1.418800943843213780e+01 1.335413922553930988e+01 1.231419463319711483e+01 1.104851456232848150e+01 9.528470724457589469e+00 7.716954403328427858e+00 5.569097086343699488e+00
5.520736247659267626e+00 7.536151614890132855e+00 9.335665588425495542e+00 1.089625220880574119e+01 1.220844690326118176e+01 1.327324524857366228e+01 1.409712063740141197e+01 1.468877888157149414e+01 1.505756378838817433e+01 1.521274277603548875e+01 1.516302448860258245e+01 1.491589981826913203e+01 1.447659882132348308e+01 1.384662654122133318e+01 1.302201806238934978e+01 1.199163950276100010e+01 1.073598586208600025e+01 9.226854895853247029e+00 7.427903640032011978e+00 5.295454468673215231e+00
5.207667931349459600e+00 7.196568515136123168e+00 8.976977529244637211e+00 1.052555724907012547e+01 1.183123256947601476e+01 1.289345986889540718e+01 1.371761004487936653e+01 1.431168231982908345e+01 1.468457633646702298e+01 1.484525823751854112e+01 1.480219689235138070e+01 1.456265992956295463e+01 1.413165627758297482e+01 1.351048516687533052e+01 1.269503094499427931e+01 1.167412710958320687e+01 1.042843059961168350e+01 8.930171003817456210e+00 7.143775005003431211e+00 5.026756287556671587e+00
4.904240117408968480e+00 6.866150469993811178e+00 8.626977343673495113e+00 1.016290408190440075e+01 1.146144885892865695e+01 1.252059936816793773e+01 1.334462719041497714e+01 1.394080482799460441e+01 1.431756404513749636e+01 1.448354952994317379e+01 1.444697532527376005e+01 1.421487554942337006e+01 1.379203195354158495e+01 1.317953572484450575e+01 1.237312178523705164e+01 1.136159524989068537e+01 1.012578085668253003e+01 8.638345633124142608e+00 6.864489391798530349e+00 4.762917055331178595e+00
4.653052949077006062e+00 6.593851652560194232e+00 8.340411444217552983e+00 9.868730811614820908e+00 1.116496490327702773e+01 1.222570974444611736e+01 1.305419281634465101e+01 1.365698451204192132e+01 1.404205726811913379e+01 1.421775155479410380e+01 1.419208093134550275e+01 1.397196555612904767e+01 1.356216810263483019e+01 1.296388007448864776e+01 1.217308664741911706e+01 1.117901896079567869e+01 9.963117278221675477e+00 8.498860279426581954e+00 6.752483272053052765e+00 4.684059752308002977e+00
4.365160725179985768e+00 6.280682989394956728e+00 8.007034280602129073e+00 9.521579673984538417e+00 1.080955193944796733e+01 1.186624586029126682e+01 1.269381446944625402e+01 1.329807524587584311e+01 1.368649613731331272e+01 1.386706416021929655e+01 1.384751436443786154e+01 1.363451749883052599e+01 1.323259930321552069e+01 1.264273791051426876e+01 1.186076640054828246e+01 1.087588539452393732e+01 9.669698791049251341e+00 8.216113738056238347e+00 6.482121770842024233e+00 4.428957101576372679e+00
4.086536968750256626e+00 5.975995839259334197e+00 7.681944463856782868e+00 9.182254150436493845e+00 1.046144827660520171e+01 1.151362629975844065e+01 1.233989500583197696e+01 1.294531334831605207e+01 1.333682867189374477e+01 1.352205798216803068e+01 1.350844435011219247e+01 1.330239956383222122e+01 1.290820680289650824e+01 1.232662900536695538e+01 1.155334887203427208e+01 1.057754102003489649e+01 9.380978813574767372e+00 7.938003006711774390e+00 6.216363900986062063e+00 4.178455149114709499e+00
3.814170372287197353e+00 5.679407225926576430e+00 7.364959214576757951e+00 8.850655811443456145e+00 1.012059745315379189e+01 1.116781398013681681e+01 1.199240459964094008e+01 1.259866989115434777e+01 1.299302357831550658e+01 1.318269769507194944e+01 1.317483066670924785e+01 1.297556620180703213e+01 1.258893958935913204e+01 1.201549700829805545e+01 1.125077272437279063e+01 1.028392000410675777e+01 9.096887493709761685e+00 7.664454492064911584e+00 5.955132224817580422e+00 3.932471428881391784e+00
3.594853420901495511e+00 5.439183188828206283e+00 7.109444790081735910e+00 8.585615064833032051e+00 9.851197693479821993e+00 1.089816221843248023e+01 1.172564201485437252e+01 1.233721303650184353e+01 1.273878140119934343e+01 1.293723007259091240e+01 1.293946308468011708e+01 1.275148590140685378e+01 1.237729570413366531e+01 1.181751998468294573e+01 1.106791895858173724e+01 1.011803742478502244e+01 8.950390881142718413e+00 7.540503533253567703e+00 5.857829294509678597e+00 3.867146216348907206e+00
3.337530105703263139e+00 5.157994263472576613e+00 6.807857791102919442e+00 8.268770170472482306e+00 9.524238401764669959e+00 1.056539872341298469e+01 1.139046124484220357e+01 1.200225426220071867e+01 1.240613391284074396e+01 1.260857639996783952e+01 1.261616226201752688e+01 1.243461528218795387e+01 1.206767630017258419e+01 1.151575172340212383e+01 1.077445151796324829e+01 9.833297567475291601e+00 8.674976534482169654e+00 7.275441535368456059e+00 5.604889149263837744e+00 3.629222810986517000e+00
3.130819050156641747e+00 4.932282979922675281e+00 6.566752678461612369e+00 8.017471232347146426e+00 9.267730623719300453e+00 1.030780623072684499e+01 1.113501404545291251e+01 1.175146839706362201e+01 1.216200654246480894e+01 1.237273996386234387e+01 1.239000079481963823e+01 1.221936292632824994e+01 1.186451840234160038e+01 1.132594307471259221e+01 1.059945756868223476e+01 9.674954604181916551e+00 8.535659932392164251e+00 7.158234622347354303e+00 5.513766703506067124e+00 3.569307799583463670e+00
2.886893730945245373e+00 4.665498784990015579e+00 6.279855308344829190e+00 7.714905488006245093e+00 8.954336084642834592e+00 9.987846104470536446e+00 1.081193771942551152e+01 1.142800590784917070e+01 1.184033206155082318e+01 1.205460485395648540e+01 1.207681707697580542e+01 1.191224892217823417e+01 1.156432855938432702e+01 1.103330705905569076e+01 1.031485345592974312e+01 9.398836317135376817e+00 8.268648587972705855e+00 6.901370567205768580e+00 5.268814538825690619e+00 3.339125843272377825e+00
2.649177641240311853e+00 4.405570320283705321e+00 6.000139542743370136e+00 7.419457331726055926e+00 8.647787197525666159e+00 9.674397835989871908e+00 1.049504925354442619e+01 1.111044144239881071e+01 1.152430173900654609e+01 1.174188940872568487e+01 1.176884978538063997e+01 1.161016279037831822e+01 1.126898899041414381e+01 1.074535425938630873e+01 1.003477879836729514e+01 9.127112067834973530e+00 8.005919887219389963e+00 6.648706051383442173e+00 5.028008196768134930e+00 3.113062206040207780e+00
2.462925889752835662e+00 4.200156574258082642e+00 5.779552294645897703e+00 7.188066150967493684e+00 8.410171426031523012e+00 9.434599613975398924e+00 1.025636490574457049e+01 1.087549832808844386e+01 1.129520836081152169e+01 1.152037520661971826e+01 1.155637987143183487e+01 1.140803847919903724e+01 1.107845025052276355e+01 1.056769677204190216e+01 9.871490730228970278e+00 8.980026547957066896e+00 7.877372733887880507e+00 6.541691170896268837e+00 4.946341808318010180e+00 3.061605286039569496e+00
2.237145406292758931e+00 3.953178363924451322e+00 5.513375573029573928e+00 6.906078074633391850e+00 8.116604278379321968e+00 9.133513935528416283e+00 9.951217559618141806e+00 1.056910456257889486e+01 1.098984000481794610e+01 1.121786844422668850e+01 1.125821315086090202e+01 1.111538113673199568e+01 1.079219841531752522e+01 1.028851895171863617e+01 9.599906104979783805e+00 8.716534424835396422e+00 7.622641428419076881e+00 6.296802621807970901e+00 4.713084614642238712e+00 2.842827063527660680e+00
2.061504545912732134e+00 3.760159629869338271e+00 5.305494376481531660e+00 6.687177217582888744e+00 7.890950104538414500e+00 8.905040317462349364e+00 9.723224225609937932e+00 1.034426633334994783e+01 1.077032295912464122e+01 1.100545621995569689e+01 1.105441773889430657e+01 1.092154277613351887e+01 1.060958758774833122e+01 1.011845172561096184e+01 9.443877399679246665e+00 8.576365191298968682e+00 7.500629503925224206e+00 6.195869343335812296e+00 4.636926037475761930e+00 2.796112651138779270e+00
1.846962845917775375e+00 3.525255648173839962e+00 5.052088334610761677e+00 6.418063293337730180e+00 7.609928471589675780e+00 8.615979694118292898e+00 9.429539009692017970e+00 1.004879638555300581e+01 1.047538554709230318e+01 1.071293322565378858e+01 1.076582692012032183e+01 1.063808624000826342e+01 1.033219003739070452e+01 9.847808719357541207e+00 9.180535258275071442e+00 8.320849944931739017e+00 7.253632498172033927e+00 5.958485753949958941e+00 4.410939165038754162e+00 2.584333958769902129e+00
1.683173348344907394e+00 3.343900049484569870e+00 4.856231302837699992e+00 6.211111168126110194e+00 7.395815800563687148e+00 8.398493953981059690e+00 9.211951937149665426e+00 9.833809077157155798e+00 1.026520829458392292e+01 1.050939550829716218e+01 1.057048223577033141e+01 1.045231015177790113e+01 1.015728107145948833e+01 9.685101709996814634e+00 9.031531023331423214e+00 8.187357202438700909e+00 7.137911955419473209e+00 5.863388170590589255e+00 4.340044189376882855e+00 2.542126827807885014e+00
1.479787167584624807e+00 3.120266866057615385e+00 4.614835268610918639e+00 5.954261938819768396e+00 7.126872139587051791e+00 8.121091505349157913e+00 8.929425231344580993e+00 9.548996261500400706e+00 9.980455203292040167e+00 1.022661930611966952e+01 1.029123363241678746e+01 1.017782015591607347e+01 9.888500636225563412e+00 9.422752101150004833e+00 8.776184973349874241e+00 7.939567091059121395e+00 6.898391967557804705e+00 5.633246649639942483e+00 4.121059311374657419e+00 2.337074837712660003e+00
1.326481799600585543e+00 2.949860133063208156e+00 4.430333055312162926e+00 5.758705932413616502e+00 6.923862064407611427e+00 7.914238351566986296e+00 8.721944003532518863e+00 9.343593572918196699e+00 9.779371917635691247e+00 1.003172200106473788e+01 1.010411163537370527e+01 9.999880557340212306e+00 9.721067424862654960e+00 9.267177188886849493e+00 8.633974173434015853e+00 7.812516789935545880e+00 6.788726558281862999e+00 5.543748289863406065e+00 4.055194978062195865e+00 2.299152560991677863e+00
1.177817100707814646e+00 2.784666226339366002e+00 4.251181878408576864e+00 5.568494534264566198e+00 6.726047744461096656e+00 7.712351465400454131e+00 8.519170642882711419e+00 9.142639986576616806e+00 9.582490850268090554e+00 9.840795458801563811e+00 9.920743760083487572e+00 9.825490466465407025e+00 9.556986658394990286e+00 9.114758813926490788e+00 8.494716400575056170e+00 7.688196911494610042e+00 6.681535327219695120e+00 5.456415869227360993e+00 3.991111900809298785e+00 2.262514176547786526e+00
9.888711921855349862e-01 2.576652125888961642e+00 4.026421462393638073e+00 5.328787762115730686e+00 6.474146626199131838e+00 7.451512239472788401e+00 8.252561816521893689e+00 8.873058752517334113e+00 9.312299655485375638e+00 9.571948609053981372e+00 9.654833284543519412e+00 9.563787678149166638e+00 9.300481494165222074e+00 8.864210959779201815e+00 8.250735822873055625e+00 7.451368490493731400e+00 6.452593910952423961e+00 5.236468185837797051e+00 3.781898669651476474e+00 2.066719843553295632e+00
8.510954821332120668e-01 2.421511238653269338e+00 3.857694536756442805e+00 5.149160246960961196e+00 6.286766665148032729e+00 7.259706807927273964e+00 8.059425461368570964e+00 8.681275240123463632e+00 9.124132748098547907e+00 9.389304368604957318e+00 9.479343001228674126e+00 9.396896132532777557e+00 9.143541725134285869e+00 8.718590599255744422e+00 8.117936875020667742e+00 7.333156082880919691e+00 6.351124225080331698e+00 5.154406538891780798e+00 3.722529714256892053e+00 2.034074053452108455e+00
6.709835235174044232e-01 2.223081574772574509e+00 3.643194567784940219e+00 4.920192172011590870e+00 6.045705874055975038e+00 7.009524674903809149e+00 7.803138486498940374e+00 8.421619942990078655e+00 8.863459052470052058e+00 9.129575051471164215e+00 9.222166031055477831e+00 9.143561055858711484e+00 8.895058093966138557e+00 8.475739716434375737e+00 7.881352602556272124e+00 7.103448092436023487e+00 6.129049295363535599e+00 4.941084330439503347e+00 3.519696740561090387e+00 1.844383003128805987e+00
5.426391000974707390e-01 2.077443479134060578e+00 3.484306583137288804e+00 4.750610960838905328e+00 5.868303837624578634e+00 6.827418646387510393e+00 7.619313062817949067e+00 8.238719220284771438e+00 8.683744944875044780e+00 8.954968773397496307e+00 9.054319993330853578e+00 8.983941605440822542e+00 8.745036971297373896e+00 8.336697265787226030e+00 7.754793565483467432e+00 6.991125170416133905e+00 6.033084744691398882e+00 4.864080426877570140e+00 3.464835762709845834e+00 1.815537017952978394e+00
4.184060699381350612e-01 1.936361243587575443e+00 3.330080124823901588e+00 4.585744568998523008e+00 5.695560086833935109e+00 6.649824906195249241e+00 7.439804596421655702e+00 8.059920941345545486e+00 8.507916509789021475e+00 8.784036904872719376e+00 8.889945070370927738e+00 8.827597296749862821e+00 8.598099447076831936e+00 8.200546250601121301e+00 7.630925755599818672e+00 6.881275190414987364e+00 5.939343936729265749e+00 4.789003996890445869e+00 3.411537789579679458e+00 1.787791078202832340e+00
2.522857789055911182e-01 1.751485574942941437e+00 3.129850658344304648e+00 4.371728733852931370e+00 5.469691543277696688e+00 6.414672320659927429e+00 7.198139382606828285e+00 7.814363346140384969e+00 8.260776594717299304e+00 8.537275969964241540e+00 8.645186986086645931e+00 8.586155385235214155e+00 8.361011470819857294e+00 7.968624831624072868e+00 7.404837251130349962e+00 6.661658675497667659e+00 5.726975180149438849e+00 4.585001064943716287e+00 3.217602369109222149e+00 1.606491538526395813e+00
1.368139806744613773e-01 1.619234844638637094e+00 2.984683250954386580e+00 4.216153851842695310e+00 5.306260870299365884e+00 6.246208830108516352e+00 7.027450707496397442e+00 7.644013977763216339e+00 8.093007312286310651e+00 8.374016215976146427e+00 8.488109542958156339e+00 8.436749434312384111e+00 8.220667720847764315e+00 7.838733005933173459e+00 7.286895352729122699e+00 6.557388795028145978e+00 5.638436156135640864e+00 4.514688435334272221e+00 3.168534051190690093e+00 1.582293720500872025e+00
2.535808123208036988e-02 1.490803460908559419e+00 2.843757221421187253e+00 4.064929589725087666e+00 5.147169912723772889e+00 6.081982957366870224e+00 6.860840496897694152e+00 7.477555825444766491e+00 7.928932208254427572e+00 8.214253450218617303e+00 8.334335804940431913e+00 8.290458384126079494e+00 8.083252596931385980e+00 7.711581821393139080e+00 7.171497767159794812e+00 6.455449378737584176e+00 5.551984369671489894e+00 4.446175495646511600e+00 3.120914188277144508e+00 1.559102603049736357e+00
-8.123713167728024986e-02 1.366937695013668241e+00 2.707096505119940932e+00 3.917984781801799876e+00 4.992335979224169940e+00 5.921916236707670755e+00 6.698237147618074872e+00 7.314923573737686091e+00 7.768491058818344008e+00 8.057931417284057929e+00 8.183812582641778022e+00 8.147231441573044464e+00 7.948717262381828519e+00 7.587124201328175666e+00 7.058599259332678955e+00 6.355797450963706297e+00 5.467579962426221130e+00 4.379427014316663147e+00 3.074714700498093478e+00 1.536900632292309110e+00
-2.309882133300734386e-01 1.198935779045271044e+00 2.524151263343395790e+00 3.722055992822229875e+00 4.785001828747899921e+00 5.705274080378648804e+00 6.474714955331515753e+00 7.086947123102260271e+00 7.538280176929716525e+00 7.827417538058559998e+00 7.954621884143628030e+00 7.920696829330696964e+00 7.725906250630600880e+00 7.368885222966029325e+00 6.845635945340649009e+00 6.148780365136710557e+00 5.267299886464183345e+00 4.186986771273758734e+00 2.891754015129498701e+00 1.365858226173840562e+00
-3.292266865668566078e-01 1.082955879589125869e+00 2.395630286045288937e+00 3.583484722722608762e+00 4.638638172743291044e+00 5.553595491581527988e+00 6.320281475192375709e+00 6.932186942743236102e+00 7.385375874229606730e+00 7.678285105964533841e+00 7.810942543591051113e+00 7.783975763456057351e+00 7.597547856568557911e+00 7.250281998779121828e+00 6.738268682768453033e+00 6.054323858661184943e+00 5.187724488953964652e+00 4.124645724277815617e+00 2.849452388230189204e+00 1.346911459122442478e+00
-4.240461972688345793e-01 9.709505388118000457e-01 2.271019524704740444e+00 3.448867645918482161e+00 4.496233595100876279e+00 5.405811164033904603e+00 6.169621037075412318e+00 6.781044338476275968e+00 7.235916855092883182e+00 7.532419524191766413e+00 7.670350922585033260e+00 7.650164405284124669e+00 7.471921396546597371e+00 7.134229919163730393e+00 6.633263139255368479e+00 5.962022965621446957e+00 5.110071414087433261e+00 4.063953344290522907e+00 2.808468615837260707e+00 1.328871577586481889e+00
-5.150377212341377131e-01 8.627356818798722626e-01 2.150215997880335461e+00 3.318108220597271618e+00 4.357697267906623928e+00 5.261838682419699431e+00 6.022659875326088930e+00 6.633453049127174594e+00 7.089842896302191555e+00 7.389765286172023551e+00 7.532795183390175175e+00 7.519213814812843566e+00 7.348980314107663503e+00 7.020684547410445120e+00 6.530576997801928130e+00 5.871837782814679052e+00 5.034303809790681150e+00 4.004876899645648081e+00 2.768775775496420177e+00 1.311720217556092472e+00
-6.489522247553739520e-01 7.096837884991141765e-01 1.982746846933028717e+00 3.138390607900750862e+00 4.167123222679846251e+00 5.062121563154667214e+00 5.815886354274623748e+00 6.421821910442637282e+00 6.875446292586790520e+00 7.174473287013253042e+00 7.318212614076963440e+00 7.306676139085002575e+00 7.139572614056229227e+00 6.815282219468255853e+00 6.329914466890226521e+00 5.676612584123262195e+00 4.845319277255669910e+00 3.823220708711769333e+00 2.596029333598683486e+00 1.150202273858637714e+00
-7.319299350019096151e-01 6.088086182859284712e-01 1.869346739386565703e+00 3.015207315767579832e+00 4.036284178848579707e+00 4.925831524343302625e+00 5.676464078832597515e+00 6.281537441593616045e+00 6.736396625631944524e+00 7.038536812945373811e+00 7.187060081303017434e+00 7.181814715241249480e+00 7.022410496566512172e+00 6.707208426388250544e+00 6.232389883419092058e+00 5.591265886522746698e+00 4.774038058549248120e+00 3.768227403321972702e+00 2.559935813923279291e+00 1.136046003808560911e+00
-8.118119094337724606e-01 5.115184720490082437e-01 1.759502358462584404e+00 2.895611657029683705e+00 3.909048680379842544e+00 4.793108168942507241e+00 5.540519337702736635e+00 6.144604203750381188e+00 6.600549982670256277e+00 6.905644055224896327e+00 7.058787162724574848e+00 7.059666800523249464e+00 6.907793819929373136e+00 6.601507674623948496e+00 6.137056913948348402e+00 5.507913337330692549e+00 4.704528195561723969e+00 3.714745680947482587e+00 2.525042471519340026e+00 1.122707327302480573e+00
-8.881793567024379721e-01 4.177085258747064156e-01 1.653130986039766936e+00 2.779520485981275435e+00 3.785335167321162597e+00 4.663875169780009600e+00 5.407982442073295815e+00 6.010958928895232312e+00 6.467848641603873183e+00 6.775741857915407174e+00 6.933344409000212316e+00 6.940185981188391473e+00 6.795678739724247741e+00 6.498138438232009761e+00 6.043876336033562779e+00 5.426518270833751600e+00 4.636756148148899470e+00 3.662746091455226782e+00 2.491325465378243731e+00 1.110170421615777503e+00
-9.615195656732612450e-01 3.273173625607438408e-01 1.550159774887326813e+00 2.666854451476441845e+00 3.665064509896363454e+00 4.538057860047779890e+00 5.278784870861341183e+00 5.880539229712579363e+00 6.338235611879690090e+00 6.648777731836915450e+00 6.810683021824283756e+00 6.823326506134100633e+00 6.686022099409352215e+00 6.397059908440763110e+00 5.952809669968807782e+00 5.347044778655995145e+00 4.570689129383320726e+00 3.612199904761903113e+00 2.458761593381917354e+00 1.098419923889731864e+00
-1.076677039179226636e+00 1.917199556268503469e-01 1.400187315335517324e+00 2.505228581920882380e+00 3.493213030550211151e+00 4.357386933901868709e+00 5.091015622675030272e+00 5.687583949841135578e+00 6.142000931629043592e+00 6.451028331934772986e+00 6.612972881054722585e+00 6.626975797140153723e+00 6.492123877869865112e+00 6.206512072784649447e+00 5.766375205767662493e+00 5.165445319787121292e+00 4.394734150304376641e+00 3.442949104001543859e+00 2.297715987548345051e+00 9.477438183070208133e-01
-1.142754924883098155e+00 1.079760832377740370e-01 1.303845600952077799e+00 2.399292873426249972e+00 3.379786146004633007e+00 4.238444573001038940e+00 4.968617367344688951e+00 5.563799747309586152e+00 6.018800414409653854e+00 6.330219159394078865e+00 6.496191311871446494e+00 6.515713794036248174e+00 6.387780309055832717e+00 6.110460856188803191e+00 5.680045007672102741e+00 5.090403851503228161e+00 4.332767409961510552e+00 3.396124884194251070e+00 2.268423636597756587e+00 9.387082333515108790e-01
-1.205302106068059764e+00 2.742994371534515988e-02 1.210683565506296189e+00 2.296553963166694246e+00 3.269571605411176307e+00 4.122697106444791260e+00 4.849353764080146512e+00 5.443053750348394004e+00 5.898516659660742789e+00 6.212190007952322013e+00 6.382044268501190665e+00 6.406935575160377816e+00 6.285765432735873404e+00 6.016577446860551959e+00 5.595712265151781217e+00 5.017174188137424551e+00 4.272403635555499513e+00 3.350661697092651714e+00 2.240205031741508090e+00 9.303979199593702676e-01
-1.265152978431200115e+00 -4.998212013329599718e-02 1.120642521920420132e+00 2.196943529103538850e+00 3.162499186190001588e+00 4.010076558385349266e+00 4.733161229013005844e+00 5.325287367556681417e+00 5.781095820858787704e+00 6.096891206346072956e+00 6.270485644312921103e+00 6.300598071702863123e+00 6.186038828626382546e+00 5.924823852540557212e+00 5.513341392168459087e+00 4.945723362003835888e+00 4.213612968742438625e+00 3.306533631623582714e+00 2.213039517762281694e+00 9.227994951827931391e-01
-1.322292285369965015e+00 -1.243414196091021384e-01 1.033656920352555852e+00 2.100393884051256155e+00 3.058500240747558774e+00 3.900516395517852342e+00 4.619977343977382134e+00 5.210442950526352313e+00 5.666484851134639733e+00 5.984273802126622854e+00 6.161470012371620619e+00 6.196658881061856583e+00 6.088560743279774812e+00 5.835162753813456504e+00 5.432897479393437479e+00 4.876019076384766393e+00 4.156366198131043355e+00 3.263715369342585326e+00 2.186906929128629162e+00 9.158998915767618820e-01
-1.420794027819939798e+00 -2.439573227908788111e-01 8.994548375505955207e-01 1.954857464810809686e+00 2.903256858453650668e+00 3.736832220133448068e+00 4.449295209675745433e+00 5.034409772893402746e+00 5.486809867333205304e+00 5.802593781688937469e+00 5.979265339747565910e+00 6.015214947146958480e+00 5.908962755161226710e+00 5.658318415296373693e+00 5.259588273878156528e+00 4.706983277282103195e+00 3.992415073557077587e+00 3.105880365133987464e+00 2.036613854511396315e+00 7.751714528186930409e-01
-1.471177412396122985e+00 -3.122568910197734415e-01 8.184438477927094002e-01 1.864333368935600088e+00 2.805369651343026849e+00 3.633430044263367797e+00 4.342236163478565558e+00 4.925578158839273080e+00 5.378039037040212023e+00 5.695603463472121319e+00 5.875639481812420684e+00 5.916414925983146667e+00 5.816366190031026839e+00 5.573276091204533600e+00 5.183492959200147077e+00 4.641343108244808668e+00 3.938921938695054692e+00 3.066462527736531385e+00 2.013463541138313495e+00 7.707418860211482370e-01
-1.519149344484994835e+00 -3.777107487074281567e-01 7.403070451374043071e-01 1.776679214461756473e+00 2.710358598384714934e+00 3.532893750477930084e+00 4.238001089281731026e+00 4.819496666634194071e+00 5.271919296353522633e+00 5.591147734188496976e+00 5.774420280523929527e+00 5.819885907655504731e+00 5.725898668444772355e+00 5.490213795991437884e+00 5.109218774883633074e+00 4.577350472006192383e+00 3.886881381518767498e+00 3.028272580330818364e+00 1.991276480091013878e+00 7.669581658159845272e-01
-1.564694298886593948e+00 -4.404038595958417734e-01 6.649844963056761316e-01 1.691835406966399447e+00 2.618162830261244522e+00 3.435163347306162240e+00 4.136532784829796583e+00 4.716111827311575411e+00 5.168401083422202724e+00 5.489180704438584968e+00 5.675565137618518996e+00 5.725588203736299064e+00 5.637523107865460403e+00 5.409096873455887078e+00 5.036733473869364985e+00 4.514975713452692219e+00 3.836266763844844885e+00 2.991287626019223822e+00 1.970034636866853095e+00 7.638088251765838832e-01
-1.607222932717819130e+00 -5.003169122088544363e-01 5.923987752468918844e-01 1.609736941823800338e+00 2.528720857633333541e+00 3.340179375045246424e+00 4.037774789667641251e+00 4.615370897284145180e+00 5.067435509973841512e+00 5.389657117308639833e+00 5.579032062517278234e+00 5.633482720831997526e+00 5.551203014682335457e+00 5.329891251112240269e+00 4.966005382468886786e+00 4.454189728251863656e+00 3.787051954548033894e+00 2.955485199703651311e+00 1.949720295983868867e+00 7.612825858224269160e-01
-1.646896558853184089e+00 -5.574890952959131729e-01 5.224922605125937869e-01 1.530325342245054232e+00 2.441974228647022738e+00 3.247884388610592588e+00 3.941672146462331217e+00 4.517222307924924962e+00 4.968974646047862542e+00 5.292532535307516994e+00 5.484779798519160643e+00 5.543531048971818365e+00 5.466902550000321881e+00 5.252563494361803365e+00 4.897003452272943314e+00 4.394964022670182047e+00 3.739211410681285486e+00 2.920843387012085124e+00 1.930316221633280316e+00 7.593684830283080611e-01
-1.684454278645880709e+00 -6.121185203501906535e-01 4.552305804912097353e-01 1.453554390478386305e+00 2.357869851818569895e+00 3.158224009102269303e+00 3.848171979675317544e+00 4.421616030234713612e+00 4.872971766791243553e+00 5.197763513225070575e+00 5.392767946543481905e+00 5.455695552553043726e+00 5.384586599486537395e+00 5.177080864228129187e+00 4.829697313407031345e+00 4.337270769731513376e+00 3.692720244125983875e+00 2.887340907065185647e+00 1.911805750083706901e+00 7.580559252583586316e-01
-1.762835033727917500e+00 -7.117571322001332579e-01 3.408069846662134528e-01 1.327926998424811877e+00 2.222994067258278861e+00 3.015360101612018173e+00 3.698528746315289162e+00 4.266548072063095276e+00 4.713935091805165456e+00 5.036210316864541348e+00 5.230059309313867644e+00 5.293049659246648275e+00 5.223059853514363304e+00 5.017577908946351251e+00 4.673009328023122855e+00 4.184143487469605738e+00 3.543952390918005957e+00 2.743911176286051745e+00 1.775024894793139962e+00 6.297442037067705334e-01
-1.795285601490715033e+00 -7.611802107248271110e-01 2.787533113341748026e-01 1.256378547653289379e+00 2.144158987687375006e+00 2.931009837838213450e+00 3.610333879888538267e+00 4.176182406370842592e+00 4.623053423970295839e+00 4.946401106321982155e+00 5.142816802247342167e+00 5.209774174330627616e+00 5.145082383109572888e+00 4.946203003763979922e+00 4.609570061106664340e+00 4.130061199927527404e+00 3.500791998139095362e+00 2.713421398900853543e+00 1.759153052201779754e+00 6.306167502009925041e-01
-1.825169118227776055e+00 -8.080076355990200021e-01 2.191612925756136754e-01 1.187296069192207204e+00 2.067798231346718918e+00 2.849129431926433309e+00 3.524582582000638453e+00 4.088208719527723467e+00 4.534489196438390657e+00 4.858816687183823646e+00 5.057693058499335592e+00 5.128501464944803523e+00 5.068983447040646517e+00 4.876574037685472263e+00 4.547733883443248359e+00 4.077425275023299100e+00 3.458902184885385367e+00 2.684000830985580954e+00 1.744115685228317281e+00 6.320464207538851742e-01
-1.853242336127850720e+00 -8.526402494676561528e-01 1.620033333846445933e-01 1.120653849760327558e+00 1.993871825052089042e+00 2.769673634902680259e+00 3.441228869957765557e+00 4.002582408759014498e+00 4.448200104687393797e+00 4.773417348970611762e+00 4.974650955584397849e+00 5.049196873273290365e+00 4.994730718782581569e+00 4.808660940441085607e+00 4.487473015950646626e+00 4.026210414577310992e+00 3.418260519169078915e+00 2.655630521797701871e+00 1.729898184534458316e+00 6.340240378732708848e-01
-1.879187317723300277e+00 -8.949604074346344529e-01 1.072115411791160072e-01 1.056388344386316014e+00 1.922324381924889192e+00 2.692590512730831165e+00 3.360223424155078575e+00 3.919257012688919684e+00 4.364142750338631416e+00 4.690162737143980465e+00 4.893653011135045361e+00 4.971825562844679247e+00 4.922291801291248881e+00 4.742433620780654557e+00 4.428759653914481120e+00 3.976391232404301590e+00 3.378844354487116064e+00 2.628291126712627879e+00 1.716485409269517870e+00 6.365401072909874225e-01
-1.903352477123786857e+00 -9.352454854424140374e-01 5.473817685361750951e-02 9.944670835759369387e-01 1.853115651614053006e+00 2.617836162375508202e+00 3.281521914002438312e+00 3.838189527233812015e+00 4.282276295849438696e+00 4.609014483114667549e+00 4.814663345752541623e+00 4.896354045061488414e+00 4.851635480944214152e+00 4.677863073327968912e+00 4.371567032810371956e+00 3.927943379577618632e+00 3.340632112495321770e+00 2.601964406063026924e+00 1.703863264418203682e+00 6.395857476629024374e-01
-1.925201362855326170e+00 -9.730951328362773545e-01 4.520720731599372003e-03 9.348068434204758193e-01 1.786180872821862886e+00 2.545354887016731293e+00 3.205073558868069217e+00 3.759332997252868402e+00 4.202557301755642349e+00 4.529932436988328703e+00 4.737644832864414290e+00 4.822747936022445892e+00 4.782729869496694874e+00 4.614919734519810746e+00 4.315867854489506605e+00 3.880841908771349491e+00 3.303601464983290548e+00 2.576631167679122036e+00 1.692016606230501985e+00 6.431514704727085974e-01
-1.964370807574190136e+00 -1.030667332717108309e+00 -6.684066167826802074e-02 8.531252412278076402e-01 1.696387568955676883e+00 2.448985630782674949e+00 3.103456559016459337e+00 3.653802526729520217e+00 4.094485895549008880e+00 4.420688546273346731e+00 4.628543550708746679e+00 4.715020766956401488e+00 4.677518353180618149e+00 4.513291102321465686e+00 4.218849948767381619e+00 3.789474356284968870e+00 3.218998934685148861e+00 2.500052823289443893e+00 1.624934942819913353e+00 5.873149947803437687e-01
-2.003540252293054102e+00 -1.088239532597939041e+00 -1.382020440881354117e-01 7.714436390351393502e-01 1.606594265089490881e+00 2.352616374548618605e+00 3.001839559164849458e+00 3.548272056206171587e+00 3.986414489342375855e+00 4.311444655558363870e+00 4.519442268553079067e+00 4.607293597890357972e+00 4.572306836864540536e+00 4.411662470123119739e+00 4.121832043045257521e+00 3.698106803798587805e+00 3.134396404387007617e+00 2.423474478899765305e+00 1.557853279409324498e+00 5.314785190879788290e-01
-2.019625860116395000e+00 -1.119675665832310818e+00 -1.817711046921000884e-01 7.184854283100828853e-01 1.546392809631087273e+00 2.286890679349861788e+00 2.932130412144656972e+00 3.476077985837054740e+00 3.913217356253706480e+00 4.238688296548941636e+00 4.448509772586112909e+00 4.539501373048248745e+00 4.508918249023808222e+00 4.353918041539285966e+00 4.070991151305585198e+00 3.655494243203487148e+00 3.101445284321287410e+00 2.401755308396953836e+00 1.549078448223718762e+00 5.374713395487851209e-01
-2.033993258776443547e+00 -1.149136197908907420e+00 -2.232699052204601686e-01 6.676260923674982584e-01 1.488296104468744163e+00 2.223264842154227150e+00 2.864502408375218412e+00 3.405928376917477074e+00 3.842009354702513146e+00 4.167849138771755335e+00 4.379408920653756532e+00 4.473444217465101680e+00 4.447158712734602837e+00 4.297687447936561433e+00 4.021538492585484015e+00 3.614131342708784889e+00 3.069588445803926202e+00 2.380953384950043272e+00 1.541016528327643798e+00 5.439390622593548441e-01
-2.046706314848968145e+00 -1.176675186822982777e+00 -2.627459783777251201e-01 6.188216322730991648e-01 1.432261573642612529e+00 2.161696999078928982e+00 2.798914688298334674e+00 3.337783949587644461e+00 3.772753229473247316e+00 4.098892168904712641e+00 4.312106979961810360e+00 4.409091620144036661e+00 4.386999854401411270e+00 4.242944399443561387e+00 3.973449883272315297e+00 3.573996162722461456e+00 3.038806482001056963e+00 2.361052311641767432e+00 1.533654848276561733e+00 5.508737778451370248e-01
-2.057826916551977803e+00 -1.202345767471238558e+00 -3.002461764183892989e-01 5.720287542859857632e-01 1.378247447339133291e+00 2.102146146395227344e+00 2.735327233687804949e+00 3.271606201690364646e+00 3.705412426544861138e+00 4.031783004000134341e+00 4.246571789691618193e+00 4.346413596268222435e+00 4.328413790757486446e+00 4.189663066878722475e+00 3.926701572822375752e+00 3.535067166550710738e+00 3.009080351139643117e+00 2.342036004932912530e+00 1.526980976051763417e+00 5.582677070561603561e-01
-2.067414955042279345e+00 -1.226200115686774339e+00 -3.358166682741111075e-01 5.272048492256740104e-01 1.326212729092024922e+00 2.044572107416547713e+00 2.673700840287593916e+00 3.207357387915531266e+00 3.639951077182047801e+00 3.966487878652094956e+00 4.182771749792866700e+00 4.285380676676509459e+00 4.271373118482435949e+00 4.137818071254073082e+00 3.881270233101834499e+00 3.497323209691920010e+00 2.980391366028938283e+00 2.323888684882029487e+00 1.520982710761685119e+00 5.661131953057220167e-01
-2.114172606742076077e+00 -1.293206553250964674e+00 -4.175918221283554943e-01 4.342989794450453633e-01 1.224473625720970738e+00 1.935435438928720053e+00 2.558242650522025485e+00 3.086605455360508898e+00 3.514989155339433680e+00 3.838440722919557846e+00 4.052751295928075592e+00 4.154435860359118493e+00 4.140458993709729363e+00 4.007788331556416672e+00 3.752894256740956891e+00 3.371328464705858785e+00 2.857531436509340050e+00 2.205035709000849664e+00 1.407241825262336876e+00 4.589581077244551111e-01
-2.120689730418862329e+00 -1.313641674257375547e+00 -4.493194362598367797e-01 3.934624064708659996e-01 1.176460409061285128e+00 1.881900500638462148e+00 2.500657921060807531e+00 3.026372776500367845e+00 3.453483932752000385e+00 3.777008448997327239e+00 3.992692789742337656e+00 4.097001207132051626e+00 4.086856449276818459e+00 3.959207507361362843e+00 3.710539758337865646e+00 3.336458105102082961e+00 2.831491157498721378e+00 2.189281586899822329e+00 1.403338450638103030e+00 4.685418290329401159e-01
-2.125731016318921807e+00 -1.332106868460789961e+00 -4.791927150894342291e-01 3.544552306992751478e-01 1.130292755361159251e+00 1.830216700341373848e+00 2.444914220314946096e+00 2.967954358915928292e+00 3.393749417967410142e+00 3.717287845885330455e+00 3.934273543940634887e+00 4.041122075529408164e+00 4.034715722759393053e+00 3.911985172629435237e+00 3.669429966443428004e+00 3.302706218181849618e+00 2.806427645390869863e+00 2.174343268620197556e+00 1.400066427601728725e+00 4.785445379843289992e-01
-2.129469891162981021e+00 -1.348957517086916136e+00 -5.073111940673535880e-01 3.172563873323825945e-01 1.085949978180434483e+00 1.780357650945600279e+00 2.390982181315483679e+00 2.911319979681902481e+00 3.335755768088082718e+00 3.659250128248079825e+00 3.877466181086818509e+00 3.986772667514883572e+00 3.984012686181945817e+00 3.866098947485256065e+00 3.629544365620069879e+00 3.270054346173784321e+00 2.782324793894333403e+00 2.160207392055811582e+00 1.397415588936429920e+00 4.889597133147993713e-01
-2.131955861237991634e+00 -1.364240631049676633e+00 -5.337178416462550201e-01 2.818263453128582730e-01 1.043394547826293595e+00 1.732286952008782466e+00 2.338826399318693738e+00 2.856435490296723057e+00 3.279470409456306523e+00 3.602864517084464424e+00 3.822241815648911523e+00 3.933926004761735040e+00 3.934722246510284016e+00 3.821525613332154236e+00 3.590861652839785645e+00 3.238483230527409606e+00 2.759165637647457814e+00 2.146859684886712749e+00 1.395374944263884309e+00 4.997804823292333887e-01
-2.133236467344906462e+00 -1.378002102474750412e+00 -5.584548896034025045e-01 2.481261793730412391e-01 1.002589550731587176e+00 1.685968854816427109e+00 2.288412128018910696e+00 2.803267374238288312e+00 3.224861355449088585e+00 3.548100771064388148e+00 3.768572053967274460e+00 3.882555561413401524e+00 3.886819729907197818e+00 3.778242341705071894e+00 3.553360887503756782e+00 3.207973945297117435e+00 2.736933507839244495e+00 2.134286124052894973e+00 1.393933687248890996e+00 5.110000631996056697e-01
-2.170204469470106812e+00 -1.433938256007514678e+00 -6.287160495658228321e-01 1.668953065884173637e-01 9.126511762600330036e-01 1.588795890197441274e+00 2.185076367021212107e+00 2.694729326915757728e+00 3.112100889507876555e+00 3.432133178688324904e+00 3.650413694841115664e+00 3.763181581982028678e+00 3.767133676235047801e+00 3.659064990138207296e+00 3.435440925417466929e+00 3.092021797434567620e+00 2.623678749210404781e+00 2.024557601784376715e+00 1.288760352026227629e+00 4.117314646204064954e-01
-2.168975967173711439e+00 -1.444575575917280474e+00 -6.500476920651697688e-01 1.367172737858817766e-01 8.754190968491767366e-01 1.546077139223291930e+00 2.138269901601095757e+00 2.645153498055747843e+00 3.061039678926953833e+00 3.380843628306835935e+00 3.600118459731636467e+00 3.715064465489996248e+00 3.722345880338937985e+00 3.618743117754441574e+00 3.400734113552886129e+00 3.064122963831385160e+00 2.603852835223866791e+00 2.014157832259124259e+00 1.289222133892677924e+00 4.245321903442771938e-01
-2.168975967173711439e+00 -1.444575575917280474e+00 -6.500476920651697688e-01 1.367172737858817766e-01 8.754190968491767366e-01 1.546077139223291930e+00 2.138269901601095757e+00 2.645153498055747843e+00 3.061039678926953833e+00 3.380843628306835935e+00 3.600118459731636467e+00 3.715064465489996248e+00 3.722345880338937985e+00 3.618743117754441574e+00 3.400734113552886129e+00 3.064122963831385160e+00 2.603852835223866791e+00 2.014157832259124259e+00 1.289222133892677924e+00 4.245321903442771938e-01
-2.168975967173711439e+00 -1.444575575917280474e+00 -6.500476920651697688e-01 1.367172737858817766e-01 8.754190968491767366e-01 1.546077139223291930e+00 2.138269901601095757e+00 2.645153498055747843e+00 3.061039678926953833e+00 3.380843628306835935e+00 3.600118459731636467e+00 3.715064465489996248e+00 3.722345880338937985e+00 3.618743117754441574e+00 3.400734113552886129e+00 3.064122963831385160e+00 2.603852835223866791e+00 2.014157832259124259e+00 1.289222133892677924e+00 4.245321903442771938e-01
-2.168975967173711439e+00 -1.444575575917280474e+00 -6.500476920651697688e-01 1.367172737858817766e-01 8.754190968491767366e-01 1.546077139223291930e+00 2.138269901601095757e+00 2.645153498055747843e+00 3.061039678926953833e+00 3.380843628306835935e+00 3.600118459731636467e+00 3.715064465489996248e+00 3.722345880338937985e+00 3.618743117754441574e+00 3.400734113552886129e+00 3.064122963831385160e+00 2.603852835223866791e+00 2.014157832259124259e+00 1.289222133892677924e+00 4.245321903442771938e-01
-2.167611664067343291e+00 -1.524241024457982929e+00 -8.038091317729147978e-01 -7.913891131493175357e-02 6.093797549998456464e-01 1.240232725895071386e+00 1.801760602369467890e+00 2.286505948987896275e+00 2.688549637278531357e+00 3.002674353417657205e+00 3.224258397744140581e+00 3.349274122783047147e+00 3.374161433209329264e+00 3.295556504006550647e+00 3.109941857212461080e+00 2.813318919033654719e+00 2.401025982148322413e+00 1.867843428026260799e+00 1.208544109681052303e+00 4.190658072990195993e-01
-2.167611664067343291e+00 -1.524241024457982929e+00 -8.038091317729147978e-01 -7.913891131493175357e-02 6.093797549998456464e-01 1.240232725895071386e+00 1.801760602369467890e+00 2.286505948987896275e+00 2.688549637278531357e+00 3.002674353417657205e+00 3.224258397744140581e+00 3.349274122783047147e+00 3.374161433209329264e+00 3.295556504006550647e+00 3.109941857212461080e+00 2.813318919033654719e+00 2.401025982148322413e+00 1.867843428026260799e+00 1.208544109681052303e+00 4.190658072990195993e-01
-2.167611664067343291e+00 -1.524241024457982929e+00 -8.038091317729147978e-01 -7.913891131493175357e-02 6.093797549998456464e-01 1.240232725895071386e+00 1.801760602369467890e+00 2.286505948987896275e+00 2.688549637278531357e+00 3.002674353417657205e+00 3.224258397744140581e+00 3.349274122783047147e+00 3.374161433209329264e+00 3.295556504006550647e+00 3.109941857212461080e+00 2.813318919033654719e+00 2.401025982148322413e+00 1.867843428026260799e+00 1.208544109681052303e+00 4.190658072990195993e-01
-2.167611664067343291e+00 -1.524241024457982929e+00 -8.038091317729147978e-01 -7.913891131493175357e-02 6.093797549998456464e-01 1.240232725895071386e+00 1.801760602369467890e+00 2.286505948987896275e+00 2.688549637278531357e+00 3.002674353417657205e+00 3.224258397744140581e+00 3.349274122783047147e+00 3.374161433209329264e+00 3.295556504006550647e+00 3.109941857212461080e+00 2.813318919033654719e+00 2.401025982148322413e+00 1.867843428026260799e+00 1.208544109681052303e+00 4.190658072990195993e-01
-2.158719109575476747e+00 -1.524682215791647977e+00 -8.136172307537189452e-01 -9.716210363167759878e-02 5.845703440080992630e-01 1.210025695202582741e+00 1.767443806918210569e+00 2.249296849471269510e+00 2.649627800039088488e+00 2.963193460220197029e+00 3.185345373765183119e+00 3.312027375331560552e+00 3.339655508871786083e+00 3.264855393501242542e+00 3.084119621841685976e+00 2.793483756097278281e+00 2.388341656238546218e+00 1.863540020766565108e+00 1.213908360690679533e+00 4.353995723247068295e-01
-2.183428812190149948e+00 -1.565601679584742945e+00 -8.675929065945978680e-01 -1.615725794359929857e-01 5.117366092569863856e-01 1.130203641272663706e+00 1.681688736519011629e+00 2.158498422764475677e+00 2.554643810272302140e+00 2.864896374731483508e+00 3.084615358127357876e+00 3.209725624598655624e+00 3.236599034377013684e+00 3.161803804021701136e+00 2.981778737058855100e+00 2.692528388559897845e+00 2.289458540930828789e+00 1.767490597055312529e+00 1.121610040404068087e+00 3.480244140797781882e-01
-2.172850925167175706e+00 -1.563710783012017158e+00 -8.747236395874414816e-01 -1.767411228658019862e-01 4.898692685517403445e-01 1.102981602540751505e+00 1.650374429803981524e+00 2.124287637540767992e+00 2.518693299810278230e+00 2.828336421167983783e+00 3.048550745003272500e+00 3.175235099531331429e+00 3.204740143373089989e+00 3.133625466151154448e+00 2.958340474212925564e+00 2.674922545291576803e+00 2.278829623393181514e+00 1.765043881414751770e+00 1.128599879922910221e+00 3.657108032479028381e-01
-2.161577020096030921e+00 -1.561002858911932467e+00 -8.807806142540134386e-01 -1.906413792594831569e-01 4.693417194626073874e-01 1.077117287898794906e+00 1.620415010281617718e+00 2.091416345280693978e+00 2.484055544237943725e+00 2.793051274337946754e+00 3.013712192816910385e+00 3.141911758550619105e+00 3.173980010373708804e+00 3.106468097827410624e+00 2.935835630901541649e+00 2.658151767725398074e+00 2.268925002293813886e+00 1.763196287746161106e+00 1.136047184992740711e+00 3.836947719094739861e-01
-2.166016528288801535e+00 -1.576994756669976239e+00 -9.073563771190509275e-01 -2.262218194580925268e-01 4.263218953460447547e-01 1.027997912447270012e+00 1.566329240357632546e+00 2.033382174865340009e+00 2.423049462483280792e+00 2.730039841976630299e+00 2.949653270942337979e+00 3.077744049083142031e+00 3.110614176223537086e+00 3.044786169181645796e+00 2.876700985152790047e+00 2.602429341604216351e+00 2.217509541174885968e+00 1.717044798077747014e+00 1.096210345963248844e+00 3.513411665365309133e-01
-2.170456036481572148e+00 -1.592986654428020010e+00 -9.339321399840884164e-01 -2.618022596567018967e-01 3.833020712294821220e-01 9.788785369957451188e-01 1.512243470433647596e+00 1.975348004449986039e+00 2.362043380728617414e+00 2.667028409615313844e+00 2.885594349067765574e+00 3.013576339615665400e+00 3.047248342073365368e+00 2.983104240535880969e+00 2.817566339404038445e+00 2.546706915483034628e+00 2.166094080055957605e+00 1.670893308409333144e+00 1.056373506933756978e+00 3.189875611635878405e-01
-2.156990957641460760e+00 -1.587009014032260801e+00 -9.362874970123622465e-01 -2.718235480564302198e-01 3.667721863914986669e-01 9.570815454207401984e-01 1.486379270735927793e+00 1.946563748845076658e+00 2.331449733582255046e+00 2.635710314999073489e+00 2.854613503871237246e+00 2.983971945482679633e+00 3.020041886621143146e+00 2.959310685558806497e+00 2.798210999245910546e+00 2.532844801693941328e+00 2.158826296243301357e+00 1.671373088787585282e+00 1.065792697775682418e+00 3.385323429937659445e-01
-2.142882622363697642e+00 -1.580133426206113745e+00 -9.375784562495987906e-01 -2.806836296973045930e-01 3.514539428064032967e-01 9.365184606885570417e-01 1.461753425446698396e+00 1.919008900406009355e+00 2.302064618678811403e+00 2.605568537938212970e+00 2.824765993872148329e+00 2.955447790983024792e+00 2.993853001282832604e+00 2.936462651768917187e+00 2.779719448094517542e+00 2.519754218542562985e+00 2.152225960899122104e+00 1.672402866897255036e+00 1.075629592586877958e+00 3.583467133138620309e-01
-2.128146832870818184e+00 -1.572386158011183088e+00 -9.378341533099476823e-01 -2.884115631216191966e-01 3.373193279080623497e-01 9.171624456654594582e-01 1.438340198138634562e+00 1.892658793558873676e+00 2.273864486438682775e+00 2.576580722144723889e+00 2.796030727137756244e+00 2.927984099581308453e+00 2.968663262003070624e+00 2.914543107605174654e+00 2.762076110966393827e+00 2.507421157319364102e+00 2.146280806866826651e+00 1.673972376009678076e+00 1.085876285065956681e+00 3.784256075278183418e-01
-2.145796387864318699e+00 -1.603824007921924588e+00 -9.810952067986713487e-01 -3.414829575908253645e-01 2.761593539171082745e-01 8.492385130197318555e-01 1.364663536730256643e+00 1.814072112654916191e+00 2.191155182732562601e+00 2.490534332183012456e+00 2.707438052025226582e+00 2.837625741543236657e+00 2.877290177573003760e+00 2.822864238637808665e+00 2.670758952861940205e+00 2.417108318841873604e+00 2.057624004636419812e+00 1.587684011379320470e+00 1.002797697863374804e+00 2.996110502287828714e-01
-2.129804606033756986e+00 -1.594247390449572865e+00 -9.791662132101018878e-01 -3.468201215895821421e-01 2.645284134266631670e-01 8.324459075133462393e-01 1.343842015107245658e+00 1.790319009807691986e+00 2.165536361022289746e+00 2.464091563305559784e+00 2.681191897372821487e+00 2.812577174773016608e+00 2.854425354539742887e+00 2.803164574597336589e+00 2.655216021568818086e+00 2.406740723903362689e+00 2.053491229533753515e+00 1.590890271423011759e+00 1.014476976963570420e+00 3.208824238852689970e-01
-2.113234584958659124e+00 -1.583875981828920976e+00 -9.762858568362360323e-01 -3.511081828208655886e-01 2.540012667199200158e-01 8.167837892979451508e-01 1.324159340965697318e+00 1.767699494921325387e+00 2.141034101847828719e+00 2.438737333118740747e+00 2.655995822280489804e+00 2.788530357410599514e+00 2.832504536817952001e+00 2.784341929534407623e+00 2.640473636609134811e+00 2.397087022801351441e+00 2.049974455484282476e+00 1.594602174663254601e+00 1.026538003760596673e+00 3.423976297246822398e-01
-2.096097821085630031e+00 -1.572732424047621258e+00 -9.724805378284570034e-01 -3.543741368457999363e-01 2.445515760929296845e-01 8.022268265478618154e-01 1.305591222523403427e+00 1.746190312877027306e+00 2.117626220333965747e+00 2.414450585745950395e+00 2.631829958475416120e+00 2.765466655223812076e+00 2.811510361734654850e+00 2.766380254049073617e+00 2.626517125456143464e+00 2.388134024031241420e+00 2.047062134215052787e+00 1.598810051951212063e+00 1.038973312317495346e+00 3.641518326044497211e-01
-2.110951537005288703e+00 -1.600185215243265624e+00 -1.011077656204580011e+00 -4.024077226000799534e-01 1.886368645070615746e-01 7.396782696982026062e-01 1.237384320762612067e+00 1.673141209784968719e+00 2.040491074961852558e+00 2.333977964899941249e+00 2.548772017965916348e+00 2.680567988846473959e+00 2.725491222894182552e+00 2.679924903531430758e+00 2.540273368388183961e+00 2.302727234846225102e+00 1.963125413312091894e+00 1.517030863816324793e+00 9.601559039150954211e-01 2.892945360823316325e-01
-2.092704686080738341e+00 -1.587416291274269753e+00 -1.005303286591400447e+00 -4.034931070513141926e-01 1.814900871682716410e-01 7.274920466864004398e-01 1.221221287212563844e+00 1.654047561143693335e+00 2.019488468717078433e+00 2.312066535490808761e+00 2.526932763006775495e+00 2.659764826793448389e+00 2.706675711492535275e+00 2.664045399529446190e+00 2.528288254645403299e+00 2.295619671277576046e+00 1.961915003747272790e+00 1.522775674607847352e+00 9.739364076297714057e-01 3.121689290293455099e-01
-2.073927379991499897e+00 -1.573941580905918292e+00 -9.986800062680125656e-01 -4.036335566721182544e-01 1.753456904076247658e-01 7.163387011402687632e-01 1.206103217103975389e+00 1.635997218512188933e+00 1.999515849441084292e+00 2.291161029492010837e+00 2.506065204059821916e+00 2.639889479462474320e+00 2.688734880046484754e+00 2.648978346746664769e+00 2.517044082023316420e+00 2.289171698605014793e+00 1.961272147121824405e+00 1.528984374471939356e+00 9.880647961923252343e-01 3.352628167162756134e-01
-2.054588688421905118e+00 -1.559611014704904042e+00 -9.911118465538915068e-01 -4.028241412682628808e-01 1.701725847082016518e-01 7.061810841633884284e-01 1.191995066918325241e+00 1.618958375185521659e+00 1.980544319058975100e+00 2.271235031604240451e+00 2.486145097860883002e+00 2.620919662140541284e+00 2.671648252277174951e+00 2.634704977061024689e+00 2.506523745852923035e+00 2.283367906785273682e+00 1.961183269037437782e+00 1.535645525574547587e+00 1.002532291987396240e+00 3.585708671675513215e-01
-2.067020663860650753e+00 -1.583517354502896213e+00 -1.025464966134144618e+00 -4.462080606065699229e-01 1.191386627463476566e-01 6.486567301181859202e-01 1.128912437823292869e+00 1.551104158002097444e+00 1.908644433456934575e+00 2.196003972182392072e+00 2.408299509122393989e+00 2.541170596954301697e+00 2.590686766520950091e+00 2.553191248636166311e+00 2.425085808110419183e+00 2.202613454393815839e+00 1.881726345211359952e+00 1.458148620913912286e+00 9.277633385112826758e-01 2.874742910449710198e-01
-2.046721352032373265e+00 -1.567916317806664850e+00 -1.016251858938264530e+00 -4.434460244855052413e-01 1.160862459624357607e-01 6.407021822081514495e-01 1.117046451639306825e+00 1.536320754969116020e+00 1.891921400120324170e+00 2.178300959468610465e+00 2.390559249107504058e+00 2.524321006814395751e+00 2.575645539042128895e+00 2.540874230560322466e+00 2.416418808222700498e+00 2.198545180467914140e+00 1.883238208876518938e+00 1.466255237997150740e+00 9.434956902505279297e-01 3.118353791424867683e-01
-2.025927247767475681e+00 -1.551685716147308769e+00 -1.006281923392163158e+00 -4.398355036141997076e-01 1.139408996067766966e-01 6.336882640791218213e-01 1.106136627521996818e+00 1.522495332533624346e+00 1.876146600326093594e+00 2.161525884315553370e+00 2.373716687226828714e+00 2.508329411548973820e+00 2.561413503399053049e+00 2.529308658487948502e+00 2.408436433248386521e+00 2.195085199095525574e+00 1.885271865783586742e+00 1.474786301485581541e+00 9.595438995818650341e-01 3.363928331538945660e-01
-2.036661917090063056e+00 -1.573114407482429034e+00 -1.037669806608925382e+00 -4.799596363830399559e-01 6.634292683383782863e-02 5.797122514012926775e-01 1.046682170042104731e+00 1.458327755630723921e+00 1.807970678340141468e+00 2.090032205760745221e+00 2.299596492871888831e+00 2.432269230014413530e+00 2.484082624171698672e+00 2.451349093869536144e+00 2.330461405246908591e+00 2.117689690686170856e+00 1.809057146044591446e+00 1.400399069874267211e+00 8.877296625636664773e-01 2.680627527701564539e-01
-2.014701679682468605e+00 -1.555263881752470434e+00 -1.025714851295532748e+00 -4.741109976113354607e-01 6.659768358512624387e-02 5.751958538481061201e-01 1.038323343895472206e+00 1.447074863516649046e+00 1.794763579264189168e+00 2.075796076537733459e+00 2.285241694036014959e+00 2.418693219976504771e+00 2.472174390269005428e+00 2.441996934918174045e+00 2.324563653677476083e+00 2.116166231064038783e+00 1.812857733200631039e+00 1.410502590516568677e+00 9.051266349402355971e-01 2.937112265455563698e-01
-1.992741442274874375e+00 -1.537413356022511834e+00 -1.013759895982140113e+00 -4.682623588396309655e-01 6.685244033641465911e-02 5.706794562949195626e-01 1.029964517748839459e+00 1.435821971402574171e+00 1.781556480188237090e+00 2.061559947314721697e+00 2.270886895200141087e+00 2.405117209938595568e+00 2.460266156366312629e+00 2.432644775966811945e+00 2.318665902108043575e+00 2.114642771441906266e+00 1.816658320356670853e+00 1.420606111158870366e+00 9.225236073168046058e-01 3.193597003209562302e-01
-2.001930085677045668e+00 -1.556559027847109533e+00 -1.042382651691663220e+00 -5.053192733741647125e-01 2.250750314838027497e-02 5.200758385904863390e-01 9.739659139273721955e-01 1.375170507079901627e+00 1.716935720555881950e+00 1.993637634533288017e+00 2.200330294500521866e+00 2.332589611366415738e+00 2.386415986071974249e+00 2.358096349133947278e+00 2.244017720143829830e+00 2.040476937122098988e+00 1.743563058171519131e+00 1.349212139960486168e+00 8.535540964418414367e-01 2.536931174082545093e-01
-1.978860617786640352e+00 -1.537195716122505162e+00 -1.028568437536484304e+00 -4.973621852695095935e-01 2.503491730897075204e-02 5.179335045362872814e-01 9.680386003132415151e-01 1.366374337464709043e+00 1.706184184552716143e+00 1.981832268966857047e+00 2.188359435993485036e+00 2.321330097414473936e+00 2.376737475995377213e+00 2.350868726222181682e+00 2.240121076337333594e+00 2.040812066276558312e+00 1.749058613102135507e+00 1.360822792855593821e+00 8.722422057987022637e-01 2.803842616630068951e-01
-1.955337563306087878e+00 -1.517300791220882683e+00 -1.014120423222098388e+00 -4.886878275587310805e-01 2.833812296389603969e-02 5.166038119300369047e-01 9.629438219147403721e-01 1.358417171251154576e+00 1.696266740368529424e+00 1.970845785871901512e+00 2.177182589195324702e+00 2.310830518353176988e+00 2.367775946260142206e+00 2.344306409223059440e+00 2.236829282837078825e+00 2.041682532287345531e+00 1.755010530701169413e+00 1.372801036395880248e+00 8.911993713969625919e-01 3.072370232336877338e-01
-1.947047998049401096e+00 -1.515308835339003179e+00 -1.019220551978627487e+00 -5.006391747742275911e-01 1.022180771080131133e-02 4.931481084162219197e-01 9.349778695466304246e-01 1.326738182596774784e+00 1.661646524059072094e+00 1.934043701263080894e+00 2.138951818762211410e+00 2.271917653836447393e+00 2.328918285072918870e+00 2.306231165212711876e+00 2.200257260596482745e+00 2.007337048161680126e+00 1.723630768295417726e+00 1.345157541661123002e+00 8.681079880002353644e-01 2.895662708184285616e-01
-1.938758432792714315e+00 -1.513316879457123676e+00 -1.024320680735156364e+00 -5.125905219897242127e-01 -7.894507542293417029e-03 4.696924049024069903e-01 9.070119171785205880e-01 1.295059193942395215e+00 1.627026307749614764e+00 1.897241616654260277e+00 2.100721048329097673e+00 2.233004789319718242e+00 2.290060623885695534e+00 2.268155921202364311e+00 2.163685238355887108e+00 1.972991564036014722e+00 1.692251005889666038e+00 1.317514046926365978e+00 8.450166046035080258e-01 2.718955184031694450e-01
-1.945573555147951161e+00 -1.528984243146422228e+00 -1.048704282030935353e+00 -5.449128681569086474e-01 -4.719025879583529232e-02 4.243444107817777589e-01 8.564148667912382384e-01 1.239916513806984533e+00 1.567987732053978789e+00 1.834939224972532701e+00 2.035784545734828477e+00 2.166060548670572850e+00 2.221723385370619752e+00 2.199021040236558644e+00 2.094327044729801024e+00 1.903971386378432884e+00 1.624136931111265225e+00 1.250913295637662737e+00 7.806204259384397215e-01 2.105360420347699990e-01
-1.920430086480341858e+00 -1.506895016668964526e+00 -1.031537702226172692e+00 -5.331250467209247557e-01 -4.050189868413105188e-02 4.265757815059621483e-01 8.549878539494606411e-01 1.235682675221935867e+00 1.561807936236076833e+00 1.827668440483493306e+00 2.028268085464063120e+00 2.159135003538217745e+00 2.216220552012999612e+00 2.195774578048149461e+00 2.094181143672629641e+00 1.907789458843534236e+00 1.632806746197798420e+00 1.265343257460096016e+00 8.017199020146368316e-01 2.391705095768288936e-01
-1.894860623694949009e+00 -1.484342429394311491e+00 -1.013826727630665170e+00 -5.207179546115608959e-01 -3.313746914067684790e-02 4.295216466710125580e-01 8.542981448168242009e-01 1.232196011324004914e+00 1.556374036400772543e+00 1.821132171423994528e+00 2.021465297604834177e+00 2.152893269304111623e+00 2.211362962988295600e+00 2.193126255402208624e+00 2.094577734602609098e+00 1.912085675855603295e+00 1.641881444105235621e+00 1.280095846124302605e+00 8.230511134456042210e-01 2.679384340241092177e-01
-1.900432093636803099e+00 -1.498161865884423349e+00 -1.035915864594606717e+00 -5.504388558756747596e-01 -6.962856712546282301e-02 3.871135758259283133e-01 8.067346938957024038e-01 1.180153289092012781e+00 1.500479730653559773e+00 1.761997224598440326e+00 1.959698275788345656e+00 2.089100116431930942e+00 2.146139690256581023e+00 2.127051754352915047e+00 2.028212000286433447e+00 1.845976923951474724e+00 1.576584209594858565e+00 1.216201008830187558e+00 7.612278404592974779e-01 2.089875250078444269e-01
-1.874104612272014858e+00 -1.474623543175453522e+00 -1.016985304935003054e+00 -5.366249280419019829e-01 -6.072237624445657456e-02 3.916921864054203617e-01 8.077353065486114758e-01 1.178389152769091952e+00 1.496780040297640557e+00 1.757188965006427406e+00 1.954600983311213680e+00 2.084526215675062577e+00 2.142898090287196577e+00 2.125954068416794573e+00 2.030080545201541131e+00 1.851652556975620367e+00 1.586930571482893404e+00 1.232100088788952608e+00 7.835600190146321253e-01 2.385871447228793962e-01
-1.878836065900879593e+00 -1.487235910815582596e+00 -1.037592823182029278e+00 -5.646741396549913583e-01 -9.541474867145563477e-02 3.511692551130085604e-01 7.621192648010680637e-01 1.128340571226327471e+00 1.442913749377352728e+00 1.700102897928818191e+00 1.894890066935172479e+00 2.022782789314257368e+00 2.079705490111920518e+00 2.061880082736345265e+00 1.965675835244869329e+00 1.787457475269885743e+00 1.523492469055775844e+00 1.170002087904818078e+00 7.234612943344632674e-01 1.812742533193987815e-01
-1.851774897223839700e+00 -1.462763240611141713e+00 -1.017507754800310860e+00 -5.495237872706459914e-01 -8.503803655899917768e-02 3.573105729500401506e-01 7.647420406569085394e-01 1.128232822778583166e+00 1.440884194427158649e+00 1.696960745047047192e+00 1.891438700127431538e+00 2.019819656324608026e+00 2.078025462390254319e+00 2.062281377035988239e+00 1.968967535051596940e+00 1.794466704386350031e+00 1.535067853162698670e+00 1.187008531729878191e+00 7.467593640628070739e-01 2.116753498765458763e-01
-1.824314815495603259e+00 -1.437886754176161519e+00 -9.969578374422132239e-01 -5.338432105420468643e-01 -7.407724259633838293e-02 3.640750138404897918e-01 7.680130530807028899e-01 1.128786215485256372e+00 1.439517874468422054e+00 1.694474035232237830e+00 1.888625704013897399e+00 2.017468969428364289e+00 2.076923410970798134e+00 2.063217816779716163e+00 1.972743242220258431e+00 1.801900450351345828e+00 1.546999867825132213e+00 1.204295474081782835e+00 7.702541993198310788e-01 2.421834669399788309e-01
-1.827934553509343418e+00 -1.448869194534196270e+00 -1.015522103976878476e+00 -5.595488517664783945e-01 -1.062182077349380638e-01 3.262459644510999901e-01 7.251905771824722624e-01 1.081601931454444276e+00 1.388563956041559466e+00 1.640327799782554274e+00 1.831862117214411612e+00 1.958661251317297181e+00 2.016637252771883659e+00 2.002005236907748564e+00 1.911140858451711555e+00 1.740435485285189987e+00 1.486205964869536267e+00 1.144739342345630906e+00 7.125731983789637125e-01 1.871337087775011010e-01
-1.799773568625107734e+00 -1.423128163281334180e+00 -9.939088160636259106e-01 -5.426326520847272183e-01 -9.389037311042766620e-02 3.344705347712938481e-01 7.299836070290921519e-01 1.083714553482389986e+00 1.388773836614661139e+00 1.639416683953141884e+00 1.830608177041740392e+00 1.957838327615236240e+00 2.017017833907514657e+00 2.004365962294637260e+00 1.916269464832502711e+00 1.749137275148781479e+00 1.499306561348792810e+00 1.163078953297885132e+00 7.369859181922683300e-01 2.184033287618992736e-01
-1.802714363369143591e+00 -1.433173077915361748e+00 -1.011242314414762422e+00 -5.668647829485353729e-01 -1.243971191600823228e-01 2.983773198490187184e-01 6.889650673274747561e-01 1.038382930792829839e+00 1.339707386096778974e+00 1.587180050555154320e+00 1.775763640617191275e+00 1.900946585077158746e+00 1.958632825634393670e+00 1.945029233918448064e+00 1.856508601925731083e+00 1.689471640520571416e+00 1.440262393046003009e+00 1.105214859484387580e+00 6.809289290324358479e-01 1.648951559408313450e-01
-1.773878697692443440e+00 -1.406608001243699890e+00 -9.886173254752872452e-01 -5.487737433763900663e-01 -1.107671646033723117e-01 3.079966154214631713e-01 6.952159008872410562e-01 1.041992346121437540e+00 1.341433009454474190e+00 1.587786173210518514e+00 1.776012633811253405e+00 1.901597668663615348e+00 1.960444769346666005e+00 1.948765562219470393e+00 1.862944111992747231e+00 1.699398298734970281e+00 1.454491428459742774e+00 1.124570376371182956e+00 7.062266915225515751e-01 1.968981491693391761e-01
-1.776021641905646042e+00 -1.415497463244780763e+00 -1.004591729746468820e+00 -5.715224839361480180e-01 -1.396913993828167166e-01 2.735674976849170603e-01 6.559263897562280787e-01 9.984402140124949421e-01 1.294183556213050368e+00 1.537391425766188036e+00 1.723022179284072752e+00 1.846559738028003439e+00 1.903901624390371694e+00 1.891248309395529237e+00 1.804971281606789324e+00 1.641481335718268708e+00 1.397149130923803551e+00 1.068353329938513951e+00 6.517518870249412455e-01 1.448934421679943518e-01
-1.746528096973846811e+00 -1.388154842386434051e+00 -9.810168104499012998e-01 -5.523214104607836461e-01 -1.248236513344142679e-01 2.845184422542989533e-01 6.635734971998609177e-01 1.003486595918034574e+00 1.297366907075884424e+00 1.539458701826633913e+00 1.724720090739811251e+00 1.848633026950918579e+00 1.907095470656714253e+00 1.896313233916329111e+00 1.812669251129871650e+00 1.652591118053145181e+00 1.412467768726325401e+00 1.088689150290305996e+00 6.779028223753075233e-01 1.776024046054102967e-01
-1.716678323278252760e+00 -1.360482678012880031e+00 -9.570756650095962881e-01 -5.327018899941041719e-01 -1.094887188470937273e-01 2.959753081446557799e-01 6.717539169396008480e-01 1.009082745167021011e+00 1.301106298120527693e+00 1.542078764721328321e+00 1.726958513227473180e+00 1.851225918165747553e+00 1.910779677383206199e+00 1.901831156792463062e+00 1.820774870137378487e+00 1.664055312960330824e+00 1.428079865828429496e+00 1.109250196600392924e+00 7.042044686183598357e-01 2.103832871631275692e-01
-1.717850841941452877e+00 -1.367994971513016855e+00 -9.713110863870383360e-01 -5.534284744325482785e-01 -1.361831362045281268e-01 2.639245954886835221e-01 6.349493424577465905e-01 9.680921751337400183e-01 1.256471838113383699e+00 1.494332275381998532e+00 1.676630794914780065e+00 1.798847492320170272e+00 1.856876404899452826e+00 1.846919233520468717e+00 1.765359210266287171e+00 1.608634314988130365e+00 1.373158549578319398e+00 1.055362773527439790e+00 6.519465778675952450e-01 1.604535787302199534e-01
-1.687377207996467066e+00 -1.339604947177601257e+00 -9.464982326843595084e-01 -5.327873222670699294e-01 -1.197028615539689478e-01 2.766203024937828325e-01 6.444347808638728470e-01 9.750364725437612456e-01 1.261582991132087050e+00 1.498330630550361864e+00 1.680238585463816214e+00 1.802786539341560967e+00 1.861870141196356299e+00 1.853697228914941597e+00 1.774662813144400220e+00 1.621221478797087556e+00 1.389804820484198844e+00 1.076854029879463770e+00 6.790575213740712712e-01 1.939040050785808267e-01
-1.687895273370850546e+00 -1.346211259953856487e+00 -9.596037996856815466e-01 -5.522082294651734502e-01 -1.449616131057877566e-01 2.460998418768273466e-01 6.092302544208421100e-01 9.356982734476375629e-01 1.218639474399559885e+00 1.452301262079456867e+00 1.631642161812583147e+00 1.752141935301238629e+00 1.809692275412157381e+00 1.800492394348403469e+00 1.720927163068546983e+00 1.567445559562427926e+00 1.336486101485199862e+00 1.024518493343243186e+00 6.282905694097116189e-01 1.453903945117570595e-01
-1.656820106744898879e+00 -1.317141499606189425e+00 -9.339688659393178272e-01 -5.306014862689730771e-01 -1.273946571903728509e-01 2.599754171089293520e-01 6.199626259680912632e-01 9.439340734925095733e-01 1.225067440044268929e+00 1.457624810881422706e+00 1.636568202320932475e+00 1.757378121712495300e+00 1.815948736977199607e+00 1.808485972212184878e+00 1.731386682792506404e+00 1.581116191589818198e+00 1.354129827967699429e+00 1.046906357939477727e+00 6.561808256862768918e-01 1.794847179144679616e-01
-1.656708324821338563e+00 -1.322882588004992810e+00 -9.459941029124120382e-01 -5.487698018135208633e-01 -1.512714293183511916e-01 2.309321705309462514e-01 5.863060222709881586e-01 9.061969363908046748e-01 1.183764292190883749e+00 1.413262789388999296e+00 1.589654296913189047e+00 1.708419815758125404e+00 1.765450248894961716e+00 1.756943873171652015e+00 1.679288464411077930e+00 1.528944567642699814e+00 1.302374677912329970e+00 9.960853712043528096e-01 6.068691252619146104e-01 1.323531992225756848e-01
-1.625054544841349147e+00 -1.293169974028853364e+00 -9.195848217891586796e-01 -5.262515297375794932e-01 -1.326746135208514421e-01 2.459303009961263387e-01 5.982287547364708580e-01 9.156690051953626508e-01 1.191455462002199317e+00 1.419859716571923336e+00 1.595848696705600256e+00 1.714905293481481685e+00 1.772923737672473798e+00 1.766109586841273282e+00 1.690862816064001350e+00 1.543660090866823875e+00 1.320980009287300749e+00 1.019337053465515952e+00 6.355094598562132102e-01 1.670664500770694116e-01
-1.624336094210037773e+00 -1.298084341170164580e+00 -9.305769845307095833e-01 -5.432183450717028572e-01 -1.552214007540000107e-01 2.183127088897771351e-01 5.660693224055215467e-01 8.794829678640008197e-01 1.151743461067034069e+00 1.377116624923729660e+00 1.550569875153751775e+00 1.667587066133555007e+00 1.724059845666306101e+00 1.716187048955033490e+00 1.640360557806332054e+00 1.493053016462871696e+00 1.270750377889022120e+00 9.699942111749710882e-01 5.876182235625132533e-01 1.212839010959914088e-01
-1.592127415076774355e+00 -1.267764758975213679e+00 -9.034393802387077343e-01 -5.198407513995538798e-01 -1.356497844348407422e-01 2.343776897662382952e-01 5.791273153795615247e-01 8.901374432531292680e-01 1.160645525929903332e+00 1.384936355556526166e+00 1.557983927664121415e+00 1.675275113152999040e+00 1.732705729449315335e+00 1.726482456948073674e+00 1.653009602458107574e+00 1.508775743098340172e+00 1.290282297761895736e+00 9.940776991153469355e-01 6.169801195900831425e-01 1.565917542535177898e-01
-1.590824332121231421e+00 -1.271888874503577904e+00 -9.134435930182328578e-01 -5.356552398214439181e-01 -1.569169323613464340e-01 2.081356373965593531e-01 5.484156379763303057e-01 8.554538404590243950e-01 1.122476742949374717e+00 1.343765068168205623e+00 1.514294030908632127e+00 1.629551984342228366e+00 1.685432838486705664e+00 1.678137429071923981e+00 1.604062889292434457e+00 1.459694465679683972e+00 1.241541073272576012e+00 9.461774922350767447e-01 5.704754285511209888e-01 1.121259084464648892e-01
-1.589197856006834941e+00 -1.275580738828055338e+00 -9.229209276876857437e-01 -5.508688728353721142e-01 -1.775279351413463214e-01 1.825913416312274495e-01 5.184344007828204370e-01 8.215274373047295464e-01 1.085087187442059564e+00 1.303390344813307955e+00 1.471412982129387759e+00 1.584644694914797869e+00 1.638977613448402204e+00 1.630607265722036070e+00 1.555924480496382545e+00 1.411412237468678610e+00 1.193588038343981639e+00 8.990539475933838620e-01 5.247358118962125451e-01 6.841361695071050686e-02
-1.556218851061113906e+00 -1.244365942200641229e+00 -8.946815520260897880e-01 -5.261782953058126155e-01 -1.564601426186958688e-01 2.002981027891605481e-01 5.332431812676973193e-01 8.340096122908695619e-01 1.095866399887794662e+00 1.313112851834081773e+00 1.480734257460080805e+00 1.594225135460417775e+00 1.649483159248853914e+00 1.642712562408292332e+00 1.570316827274632399e+00 1.428794283521452213e+00 1.214676340320102410e+00 9.245693041818363600e-01 5.553798296865013473e-01 1.048240709999197356e-01
-1.554041404784370473e+00 -1.247320534532809333e+00 -9.032356099526025472e-01 -5.403097362860044273e-01 -1.758631798603612906e-01 1.760580273497898696e-01 5.046393213114782617e-01 8.015162206357850927e-01 1.059951530348498316e+00 1.274242370278632741e+00 1.439375780511575220e+00 1.550848129502232275e+00 1.604555985386584505e+00 1.596699081137906040e+00 1.523675404826314361e+00 1.381981591089829875e+00 1.168157674029857152e+00 8.788364388094709323e-01 5.109767298039099570e-01 6.238027618046552980e-02
-1.520565860783489542e+00 -1.215583090499888996e+00 -8.743752636333880224e-01 -5.148819508463208239e-01 -1.539499909281497048e-01 1.947001301238537319e-01 5.204528182571028783e-01 8.150528492730158003e-01 1.071817109439363369e+00 1.285067051740090394e+00 1.449800315005313145e+00 1.561519261414728854e+00 1.616126812872267893e+00 1.609831958800548968e+00 1.539045587847347241e+00 1.400279577620424654e+00 1.190087395210749577e+00 9.051052868026082665e-01 5.422719833917242216e-01 9.932462321374430081e-02
-1.517857257921303660e+00 -1.217832481622340257e+00 -8.820463650068095518e-01 -5.279759378974168138e-01 -1.721915357926612211e-01 1.717175719867083394e-01 4.931800631551998548e-01 7.839468415677064428e-01 1.037332012475894905e+00 1.247656694075928163e+00 1.409921222678591546e+00 1.519630452155735778e+00 1.572686870828159833e+00 1.565295740530152635e+00 1.493863215442936987e+00 1.354899999870058158e+00 1.144968189442223450e+00 8.607296968222528655e-01 4.991735235190902786e-01 5.811907561676944028e-02
-1.483912235394952983e+00 -1.185606012790415775e+00 -8.526061971673365436e-01 -5.018574748452298007e-01 -1.494824066583060607e-01 1.912445338319507249e-01 5.099479949212788465e-01 7.984885519739807203e-01 1.050235886628179127e+00 1.259537004235170121e+00 1.421404146331142870e+00 1.531349197932873940e+00 1.585281797785087488e+00 1.579417014288388765e+00 1.510174165156437098e+00 1.374079130150788419e+00 1.167707033192549870e+00 8.877225720400269138e-01 5.310938571913306205e-01 9.557512939852683131e-02
-1.480691913496203105e+00 -1.187180914664468734e+00 -8.594329904839477230e-01 -5.139571042704301762e-01 -1.666074464421619661e-01 1.694741164875718520e-01 4.839612862759256062e-01 7.687254522203227358e-01 1.017136769885253367e+00 1.223543754130235417e+00 1.382962330148516994e+00 1.490907544763435899e+00 1.543289271916250538e+00 1.536319594749932405e+00 1.466413810816136420e+00 1.330097103192735775e+00 1.123953197516169178e+00 8.446716423631762671e-01 4.892689327494074147e-01 5.557834784482969942e-02
-1.446305718252327344e+00 -1.154498866553780534e+00 -8.294531614806351927e-01 -4.871931593702936714e-01 -1.431504185561899567e-01 1.898368282473929802e-01 5.016346650369387650e-01 7.842240863779785798e-01 1.031032011631318079e+00 1.236434230301997506e+00 1.395459799373218068e+00 1.503631798081789706e+00 1.556868032423755155e+00 1.551390941703442383e+00 1.483629266395984914e+00 1.350123336927326001e+00 1.147469571059771321e+00 8.723597289006996824e-01 5.217887760367823091e-01 9.352443048468381259e-02
-1.442592889802228440e+00 -1.155428798614563268e+00 -8.354727518548653586e-01 -4.983399711623253681e-01 -1.592025087109451287e-01 1.692344644330286696e-01 4.768901260227061956e-01 7.557605357281401703e-01 9.992761651582079407e-01 1.201816130806686589e+00 1.358414185723665790e+00 1.464597263001751415e+00 1.516284069111396127e+00 1.509694772577284461e+00 1.441254766866669534e+00 1.307504121769744510e+00 1.105047803425478925e+00 8.306016064494974316e-01 4.812070297987724454e-01 5.470767855663570545e-02
-1.438609068058157359e+00 -1.156002385133511501e+00 -8.410551838979603012e-01 -5.089816600414852621e-01 -1.746954359984835836e-01 1.492337051767034517e-01 4.527810847160580465e-01 7.279601510051372237e-01 9.682061414321824211e-01 1.167901860284817239e+00 1.322085721166337047e+00 1.426288461723584255e+00 1.476429844263304147e+00 1.468728196128862074e+00 1.399606234950899752e+00 1.265604588181476586e+00 1.063337605641276884e+00 7.895458202048815100e-01 4.413176852072642764e-01 1.657269523845306819e-02
-1.403608848230946560e+00 -1.122637993198840167e+00 -8.102406308851098915e-01 -4.812085711691993506e-01 -1.500656024908552655e-01 1.709079917782636571e-01 4.718761227640532741e-01 7.449628421844212145e-01 9.836627229207909329e-01 1.182388480332954961e+00 1.336193865780592516e+00 1.440619369267635896e+00 1.491593956318413294e+00 1.485347118972339509e+00 1.418315278605773555e+00 1.287053802383352430e+00 1.088188551755996158e+00 8.184602790990705978e-01 4.749331688525773587e-01 5.545785544954200813e-02
